1980
1904
1926
1823
1880
2176
1575
1721
1757
1219
1129
894
1472
1261
1283
1289
1269
1282
1144
1303
855
1279
1123
1434
1130
821
835
867
869
1273
906
916
918
917
918
924
917
875
1201
1247
874
752
678
699
689
700
678
678
666
622
643
630
657
607
654
627
651
625
645
624
644
644
637
646
642
614
608
616
634
648
608
606
604
608
682
683
1074
1062
1055
1054
1052
650
653
640
631
643
624
634
638
657
659
669
679
656
629
642
633
633
638
627
640
629
641
678
676
680
675
675
675
677
675
674
678
697
686
677
1093
1062
1051
1059
870
784
675
676
633
647
635
646
661
650
630
651
646
676
681
655
651
653
662
665
652
653
654
654
653
631
615
614
610
617
608
610
611
622
610
617
613
613
617
610
613
613
613
613
726
707
643
638
732
710
664
673
684
686
623
628
647
636
754
972
1017
1027
1036
983
1020
1115
1020
1039
993
1034
1020
883
773
652
645
641
635
837
850
684
826
678
625
687
734
869
708
673
671
686
712
711
689
615
651
644
681
677
677
679
635
654
627
625
638
644
653
647
619
644
623
610
879
948
982
982
850
844
981
1014
938
978
975
974
971
979
936
976
988
930
616
628
632
609
646
636
631
643
647
636
634
621
629
625
629
621
641
626
630
643
617
627
641
638
714
631
609
649
628
629
640
637
629
621
634
648
633
687
625
643
612
682
670
650
666
675
662
656
697
658
660
657
658
659
664
671
658
663
625
612
613
613
626
673
656
660
652
648
619
606
612
640
627
621
626
642
640
643
670
636
857
1025
661
753
652
738
696
745
1062
793
836
877
831
912
776
1235
1270
1277
1282
1149
1065
697
724
747
688
708
722
683
674
714
682
740
733
732
633
639
627
618
837
691
937
720
683
885
628
636
668
628
620
645
640
681
661
610
623
640
645
645
656
642
804
604
735
677
662
700
704
667
695
633
677
692
615
685
630
630
648
646
615
610
617
935
846
969
973
950
608
666
675
625
645
752
691
659
622
658
616
647
690
606
647
647
608
612
772
615
662
649
645
644
832
630
641
606
603
626
616
667
698
696
678
678
690
674
622
687
613
609
608
635
937
811
848
962
942
844
882
614
913
674
685
681
687
681
681
704
626
610
624
608
635
626
731
709
678
677
679
710
610
639
633
646
613
617
685
630
621
626
750
643
743
693
680
1068
1059
1064
1053
1057
851
867
1059
799
657
625
652
650
659
651
629
656
626
709
769
672
661
693
684
660
644
636
641
633
621
678
634
637
616
624
616
623
645
637
606
619
619
608
736
789
661
657
619
635
647
630
610
627
610
610
620
789
680
684
691
679
679
709
642
634
638
621
617
707
654
638
637
612
610
616
734
650
623
607
611
618
951
1041
618
1006
1011
1018
1010
613
676
665
711
700
658
668
642
660
607
671
741
678
678
681
689
683
603
607
634
658
628
665
654
626
698
613
628
663
1056
1025
1001
785
609
622
695
630
614
621
614
639
652
608
627
638
625
623
638
690
683
680
690
709
661
663
680
662
649
630
632
604
622
636
641
662
625
647
619
626
627
623
633
703
681
677
647
637
639
655
710
683
687
685
685
730
677
684
681
683
687
679
680
680
678
683
684
687
695
684
683
698
662
648
664
639
612
668
645
658
645
667
616
640
633
638
646
676
640
676
646
632
680
624
608
617
665
649
614
646
618
617
619
618
615
617
631
617
614
625
614
613
617
630
660
676
677
658
659
663
641
657
641
692
631
696
664
671
659
659
663
670
665
675
746
654
659
652
654
659
658
652
660
653
653
655
679
654
676
674
655
631
613
609
653
634
662
650
1001
1127
1130
748
619
619
613
626
612
1004
625
663
1017
1000
997
992
1012
607
649
626
633
637
634
653
645
643
665
658
653
653
643
646
645
636
612
626
654
676
673
609
608
606
601
602
628
641
659
683
692
705
697
679
682
684
625
611
617
622
614
616
620
604
647
651
628
610
628
668
659
654
695
676
682
684
690
699
684
680
685
675
1021
1057
1055
940
719
690
677
604
617
612
611
618
649
634
644
639
619
626
621
642
644
653
648
613
663
612
621
621
640
978
916
922
1000
1011
772
976
882
1016
605
609
1048
712
683
682
694
678
679
679
687
678
678
699
698
679
678
683
688
680
681
683
698
684
679
681
690
678
680
682
689
678
685
685
689
677
1096
1056
1067
1059
972
977
986
946
967
605
630
609
607
610
603
604
614
609
602
621
605
604
609
652
643
634
647
646
666
633
633
642
625
635
634
638
644
650
639
633
636
624
637
633
631
645
674
669
664
706
650
661
703
650
661
669
653
652
652
652
657
660
668
670
652
655
650
649
654
650
679
651
651
652
652
670
649
664
669
652
680
610
605
606
608
612
605
607
609
605
974
680
680
698
630
632
639
627
656
649
649
656
680
652
652
662
652
651
658
653
652
663
649
689
1003
605
636
659
650
647
1032
952
617
658
614
647
856
613
632
617
647
640
625
622
637
636
626
648
632
626
640
604
643
631
626
607
639
641
627
642
650
644
634
654
631
628
646
614
633
653
617
620
605
601
625
623
644
653
642
646
657
636
676
644
627
668
720
681
678
683
680
690
683
676
684
680
684
702
686
680
647
669
696
650
631
635
633
647
638
632
630
607
615
610
604
619
605
607
604
604
618
632
609
632
1043
962
954
619
641
1040
1030
643
612
645
627
656
629
628
636
630
630
643
644
648
631
650
637
626
619
619
624
625
629
629
690
679
721
1036
1060
1053
1058
619
640
615
620
622
616
645
631
649
618
662
675
665
661
671
661
678
660
662
666
661
669
657
657
662
680
660
693
663
657
659
659
663
670
658
658
674
612
611
617
611
664
662
654
668
653
661
658
668
692
672
658
659
661
658
660
662
682
672
614
624
613
654
614
616
640
621
627
618
619
618
616
614
614
651
617
619
631
609
611
658
610
682
680
613
650
663
701
610
684
633
627
627
659
669
647
714
650
603
625
703
715
681
680
680
676
677
678
681
679
678
678
698
679
682
700
718
684
1079
1059
1056
1055
651
628
612
654
647
678
682
678
690
679
698
681
696
684
678
681
693
680
691
690
696
680
679
679
688
681
682
670
670
658
666
660
660
660
660
642
613
610
623
613
653
737
674
710
681
684
682
677
677
680
675
695
681
681
676
679
679
682
681
679
686
682
678
678
679
681
614
646
656
657
643
650
654
614
656
614
637
624
613
609
766
760
681
700
725
680
679
626
621
654
623
635
623
629
655
611
627
648
634
636
669
649
640
628
626
642
629
631
623
697
678
649
658
654
655
650
650
677
648
649
654
678
651
652
665
653
1031
1023
611
650
691
702
680
679
700
696
678
680
682
690
680
681
684
696
680
681
690
691
680
677
608
673
635
615
649
639
605
606
602
721
617
628
613
630
630
698
659
658
672
670
667
662
653
652
653
660
659
650
658
650
652
652
654
652
696
654
653
657
660
651
653
660
702
680
681
1044
1054
1056
1048
680
685
684
685
676
678
649
630
616
602
636
617
629
627
617
614
620
664
667
661
898
1007
972
959
969
973
977
942
633
617
608
606
624
605
603
620
609
609
625
612
609
613
607
614
607
625
607
609
618
609
654
712
691
682
677
680
678
678
678
680
676
681
681
682
606
641
650
620
635
654
643
642
619
621
632
619
650
620
626
629
634
646
611
619
632
623
691
616
612
614
610
613
620
618
616
629
625
613
636
662
631
634
633
617
620
626
629
621
633
656
609
626
631
630
641
683
640
650
653
649
637
654
663
662
713
679
706
680
678
686
693
679
677
680
637
617
616
612
616
615
614
618
617
623
614
617
616
640
616
613
635
613
610
614
627
619
619
626
616
622
616
610
615
615
611
610
613
618
626
622
634
623
634
680
650
619
634
617
613
622
616
618
639
621
646
617
604
605
604
640
626
632
653
651
628
651
623
626
683
676
679
695
1099
1054
1052
1053
1040
779
646
653
652
650
656
661
653
655
661
661
667
656
664
654
657
664
724
691
706
695
661
630
654
637
674
642
647
679
675
681
681
653
627
617
627
634
639
657
656
637
657
700
688
689
732
678
728
693
688
648
668
655
622
616
616
618
637
614
617
675
662
659
660
657
659
661
668
663
657
662
670
660
657
659
657
619
640
671
633
637
613
636
651
659
661
676
669
658
658
696
682
681
678
678
681
679
679
676
677
682
678
689
677
682
677
679
696
682
678
687
681
681
680
678
678
1068
1009
1011
1010
934
617
603
615
596
623
609
600
616
607
603
607
608
600
707
599
607
610
593
609
607
601
607
597
599
594
617
616
622
617
621
672
656
595
625
626
623
626
625
595
581
612
604
597
629
608
585
596
606
630
638
624
625
658
617
626
637
618
614
649
620
613
638
629
629
621
623
610
614
627
625
611
629
619
613
616
627
655
634
662
642
625
636
642
637
653
607
622
635
620
681
631
623
622
617
622
604
602
621
653
624
630
648
630
678
690
676
679
680
694
679
686
654
636
624
632
620
630
610
641
621
630
640
637
638
607
641
634
806
611
610
640
639
620
612
674
632
665
659
666
695
662
663
669
670
683
679
650
674
634
655
660
641
657
638
642
611
624
657
650
617
625
609
670
605
605
617
616
614
613
615
637
620
645
612
614
613
611
641
641
681
672
665
660
652
648
653
666
650
631
608
606
606
612
602
606
616
680
678
676
691
677
681
680
689
699
691
682
690
682
682
679
696
694
1077
1021
1015
1012
862
665
650
651
673
659
650
662
659
651
649
606
629
596
611
639
623
631
622
640
655
660
650
649
652
651
651
649
658
650
587
626
602
613
631
633
611
613
636
616
608
600
600
628
626
588
627
655
644
633
699
631
637
630
640
635
629
643
640
622
665
652
622
681
611
640
639
660
633
650
670
655
634
650
642
609
606
650
609
615
655
636
644
660
676
698
671
664
655
699
632
608
606
661
653
657
674
668
652
629
680
692
677
683
709
693
679
677
689
678
677
676
694
677
679
684
691
681
679
1095
1054
1006
770
853
658
658
653
653
688
667
661
655
650
652
652
651
679
651
651
649
650
652
652
664
652
656
654
650
650
655
658
653
653
676
651
652
652
679
1032
1014
1010
1014
1012
654
659
653
650
657
588
608
976
957
989
900
984
767
702
686
683
683
683
683
678
682
677
682
681
681
681
691
681
681
682
682
680
1061
1058
1009
941
630
621
641
608
614
642
603
609
615
603
602
606
600
623
608
612
645
604
584
600
626
768
736
787
664
659
668
652
652
705
704
621
624
628
636
643
654
610
616
643
641
725
854
839
973
986
1004
1011
975
820
902
609
630
667
663
618
623
683
681
682
686
681
678
681
679
645
645
640
605
616
620
622
613
615
615
610
668
610
613
627
650
657
634
630
623
650
620
638
648
611
624
618
609
674
617
615
611
612
612
615
611
612
617
640
643
645
1016
605
995
926
875
1019
991
1007
974
921
1229
991
979
1159
998
942
977
985
917
976
967
981
999
675
656
672
652
653
655
654
658
654
667
654
653
653
654
655
654
623
602
603
624
698
931
999
865
627
640
664
605
607
606
606
607
631
605
614
650
608
634
655
621
770
608
605
606
606
605
603
607
645
659
606
654
655
652
647
648
633
646
653
665
724
644
607
656
638
634
629
642
649
698
719
626
611
658
668
686
647
608
630
609
611
616
618
610
652
620
607
608
623
607
708
693
712
682
678
681
1079
1055
1054
1006
855
924
920
911
784
932
941
915
977
931
941
891
733
582
643
645
608
605
612
610
618
609
599
617
626
628
640
627
626
608
615
594
621
613
585
583
579
579
581
580
601
880
652
588
593
588
614
603
616
617
590
591
592
591
591
650
632
613
621
591
611
593
591
603
596
591
600
611
590
701
589
601
593
614
590
592
591
592
594
582
587
589
587
586
594
587
587
596
626
728
608
587
582
603
656
652
653
669
653
655
667
655
652
652
665
651
650
663
672
653
655
660
650
651
651
659
653
655
659
655
650
654
656
654
1054
1008
1011
1007
1011
904
651
665
670
651
656
654
661
648
654
656
616
601
596
580
592
584
594
635
626
635
623
635
623
632
635
632
636
634
632
632
657
656
630
588
637
591
590
595
588
585
617
604
603
632
608
598
644
643
682
632
630
621
607
603
603
634
622
627
626
640
662
632
639
647
627
611
606
602
623
621
601
611
603
606
617
619
608
610
606
605
611
621
620
661
643
644
632
634
648
656
640
635
700
684
686
679
679
681
678
679
699
689
679
680
684
687
679
681
682
694
619
640
629
636
642
632
619
621
650
653
631
631
624
615
630
655
647
628
640
611
640
613
616
690
660
652
668
687
684
679
622
614
646
626
630
633
658
675
637
623
675
653
641
632
641
611
625
618
667
638
654
622
643
623
645
628
630
643
627
642
649
998
981
1002
983
988
990
876
611
603
688
638
627
631
640
625
626
617
634
622
647
630
612
615
607
605
631
622
623
967
615
603
680
624
606
615
659
667
605
679
701
610
611
659
616
629
646
619
629
618
629
629
650
636
659
639
610
656
662
634
647
660
680
699
677
684
681
678
677
680
680
693
688
680
679
1097
1016
1010
1011
819
616
618
599
581
658
610
612
606
611
618
606
642
613
613
611
602
611
640
613
616
646
626
623
646
646
633
665
652
653
655
662
647
654
655
651
650
653
1003
1013
1013
1009
640
619
615
646
636
666
653
650
666
598
588
598
584
585
593
610
615
650
635
669
648
632
634
641
634
639
640
633
638
642
636
633
636
651
632
633
641
637
585
603
588
613
587
588
878
668
699
683
679
680
700
681
680
675
686
677
680
685
732
613
630
637
622
626
618
630
668
644
642
637
651
679
636
610
634
637
653
628
771
881
946
937
904
942
933
735
835
854
652
652
649
684
678
682
683
680
679
682
681
699
690
680
684
679
678
682
684
667
652
655
662
654
651
656
656
1048
1012
1009
1015
707
606
594
633
619
622
596
604
630
606
593
583
630
640
645
643
645
630
624
611
623
639
686
688
643
611
605
602
618
626
913
625
636
638
632
626
647
630
612
640
612
647
647
676
606
609
661
610
620
610
649
659
629
646
625
660
605
683
695
678
614
610
606
621
640
623
607
684
680
681
679
679
685
681
677
678
680
677
614
603
615
602
625
619
653
616
616
610
659
674
653
612
615
608
626
643
641
645
614
630
657
640
624
641
635
626
621
631
639
667
676
677
678
688
681
616
616
672
611
630
628
653
643
631
629
655
608
605
605
653
638
644
659
677
1134
608
608
650
623
631
648
610
632
627
647
640
642
690
632
639
636
637
642
656
649
639
635
631
637
647
634
638
629
631
650
647
637
629
644
614
623
610
685
657
675
669
689
681
679
640
643
677
660
633
651
639
633
633
660
638
640
714
607
637
610
636
663
621
634
639
629
629
612
635
634
639
651
640
629
617
610
632
619
660
618
603
638
623
605
654
662
686
648
615
1009
990
988
1005
988
980
609
604
641
624
642
644
636
646
646
678
679
684
679
680
676
660
653
651
652
650
1018
1014
1024
1014
667
578
580
588
577
584
623
582
637
631
638
633
624
626
703
650
634
634
641
628
626
621
630
615
596
598
580
582
581
576
599
580
581
583
663
657
670
653
1053
1012
1011
1019
1014
636
652
612
619
610
618
629
636
610
622
603
604
616
579
598
591
588
614
630
576
580
580
581
587
581
583
594
577
580
587
580
582
598
578
577
580
583
600
575
577
585
577
580
576
579
583
590
589
591
590
590
599
985
932
870
581
829
582
615
623
615
595
603
598
611
609
610
610
608
598
610
594
612
616
580
671
652
665
652
1056
1010
1013
1016
928
893
651
683
659
651
651
656
657
650
652
656
662
649
595
648
582
581
610
619
617
625
588
620
668
599
631
608
614
608
607
607
605
590
611
617
602
621
604
603
616
591
620
1000
652
649
594
594
591
592
582
578
582
587
580
581
657
650
588
580
583
582
585
587
602
597
588
613
596
620
610
608
615
622
591
585
627
579
578
592
655
672
1014
1012
1008
1009
969
650
649
671
653
668
612
627
614
593
622
602
598
605
594
613
595
620
603
625
627
615
605
579
656
663
651
650
651
672
654
650
655
650
651
653
674
1045
1013
1018
959
736
895
1004
982
591
617
605
584
606
635
596
626
633
617
606
631
599
612
620
606
590
633
621
608
601
585
599
618
597
606
613
585
582
592
621
609
613
580
592
631
601
588
596
981
986
684
582
785
597
581
579
590
580
585
627
679
656
667
686
679
683
696
682
687
680
692
681
680
685
699
685
689
772
693
681
679
1063
1053
1054
1076
998
944
587
614
681
651
655
654
649
650
653
657
649
652
657
671
664
656
664
651
652
611
588
637
624
619
945
933
936
949
941
933
935
615
605
621
625
632
582
583
587
595
582
586
580
583
598
581
597
616
659
656
661
648
639
581
616
633
631
627
632
654
625
606
580
581
652
653
659
655
650
732
580
659
583
581
586
602
583
629
630
619
760
656
645
627
629
635
626
660
645
626
637
648
655
654
631
625
631
627
628
632
624
641
627
625
648
624
605
604
585
587
583
582
586
625
583
584
585
584
580
592
580
582
580
580
584
577
580
608
623
625
636
623
626
586
595
605
581
601
585
633
625
629
633
626
627
629
627
625
632
625
628
626
625
625
646
635
633
629
623
625
634
626
642
625
628
580
594
578
579
590
579
634
603
584
582
611
585
580
647
647
638
629
626
653
652
672
653
668
665
653
649
655
657
648
652
655
591
578
597
586
583
586
582
593
583
597
582
593
584
575
583
579
823
729
682
697
678
677
683
682
658
634
679
637
605
621
611
602
607
611
640
643
666
660
659
661
673
653
662
651
625
683
689
677
677
702
687
685
1067
1052
1055
1061
1045
650
629
709
657
694
677
677
678
687
676
678
680
696
680
606
605
603
611
632
654
618
643
615
627
637
675
628
637
635
635
655
624
692
679
688
1096
1053
1010
1009
870
614
589
585
601
621
640
622
611
586
634
638
642
653
636
649
631
634
630
634
631
644
632
631
648
633
632
651
634
635
634
634
632
632
632
632
651
653
591
584
602
588
653
741
649
650
654
660
969
983
727
581
631
592
583
586
585
579
590
577
579
598
579
577
581
579
579
578
581
620
589
580
590
579
582
671
652
652
662
1045
1011
1022
588
579
648
638
611
581
614
616
601
649
626
627
676
652
656
657
667
652
647
650
651
648
651
676
614
611
595
597
600
613
601
600
609
602
604
621
603
626
620
644
618
600
620
599
623
606
616
676
699
617
605
600
672
955
978
589
594
725
590
601
585
587
592
584
583
591
580
583
585
582
607
596
585
586
603
584
585
617
585
582
585
626
624
626
627
577
641
629
616
608
743
637
620
804
996
994
597
581
588
593
578
578
583
609
601
624
585
601
618
622
616
605
669
652
657
653
649
659
650
650
658
677
650
650
663
611
613
613
651
660
648
645
595
651
651
652
654
662
688
679
683
680
690
682
686
684
689
608
602
605
650
619
665
621
605
606
608
605
620
644
627
638
643
634
610
624
605
624
631
656
636
617
750
663
660
656
657
655
664
617
658
672
666
672
678
651
652
662
724
659
664
651
626
615
635
636
643
678
649
656
654
651
655
693
708
682
684
1095
1009
1010
1009
1011
862
655
655
651
649
652
642
598
582
591
581
578
583
580
631
973
885
936
842
922
838
815
585
581
588
589
611
605
644
603
602
605
634
603
640
613
605
634
622
596
621
612
632
660
615
593
611
593
632
642
631
616
616
627
615
618
614
628
626
659
675
658
658
662
679
657
661
664
661
659
661
671
659
672
629
619
609
611
637
611
643
991
917
941
874
835
995
991
980
621
666
649
702
689
677
679
681
702
694
691
680
682
679
679
681
681
683
683
680
719
691
681
1055
1053
1012
1015
855
654
655
651
661
651
651
649
650
653
653
659
659
593
609
645
631
627
608
615
618
624
629
598
608
626
601
603
589
595
594
605
638
598
600
620
593
625
619
601
622
622
642
614
612
650
600
644
634
660
612
629
656
654
658
651
650
664
658
649
656
654
651
652
652
682
650
637
631
599
604
613
600
621
595
617
610
620
606
611
609
615
624
604
593
924
942
913
949
937
937
935
952
906
973
940
942
926
921
944
1003
927
935
962
579
590
587
582
588
580
575
578
582
585
584
594
578
577
582
600
579
578
871
669
653
653
656
651
651
654
659
669
660
652
652
653
651
659
652
651
653
649
657
653
658
652
653
650
651
651
652
658
648
650
675
651
668
938
1010
1010
1010
1007
623
652
652
655
656
654
670
648
649
661
651
662
653
663
682
651
653
663
649
656
653
652
655
681
624
609
615
623
620
594
620
619
613
621
619
618
624
613
618
622
981
612
631
921
1009
798
654
608
636
615
615
596
620
597
667
649
649
653
653
656
650
661
650
654
653
650
595
574
578
582
602
611
610
648
601
585
582
665
1053
1016
1020
1021
983
934
588
583
609
632
589
603
628
613
618
599
609
589
596
611
600
614
629
626
615
611
581
609
628
599
622
619
629
632
627
625
629
617
616
588
627
614
620
588
619
583
613
630
610
638
623
643
645
625
621
641
722
667
641
640
623
622
639
622
612
620
639
629
663
622
617
627
630
613
620
621
633
614
667
661
663
660
673
659
662
625
649
652
639
613
1020
723
682
696
681
679
680
628
626
680
683
692
678
680
679
691
679
689
680
691
687
682
680
692
680
685
678
690
677
680
681
689
608
607
612
605
606
605
644
654
687
698
677
679
680
707
609
611
632
620
649
644
642
644
650
635
607
623
686
689
678
679
684
677
677
678
687
679
682
682
687
680
680
682
691
1092
1060
1021
1006
1012
764
646
638
637
625
656
599
593
659
651
608
699
654
655
654
653
665
655
671
651
653
656
654
658
652
673
654
654
662
641
627
671
639
628
624
634
1057
1061
1052
1051
987
890
734
685
645
670
686
681
729
711
711
703
669
646
652
673
692
745
691
752
716
675
642
653
654
609
625
659
628
629
655
639
651
624
642
639
637
652
616
642
644
613
614
608
613
611
643
659
651
614
625
613
613
618
663
628
635
613
640
629
669
612
626
637
612
610
631
611
654
659
660
660
654
657
681
655
653
632
633
652
640
667
651
653
654
670
693
656
676
654
654
635
648
637
646
624
619
617
647
644
674
619
669
692
657
640
673
689
677
679
679
678
679
683
682
680
603
614
605
608
617
814
991
980
984
900
805
1010
981
994
986
990
984
887
1003
935
918
955
948
951
686
582
580
595
608
654
630
612
605
657
1017
1017
1013
1010
656
649
652
602
601
608
616
624
664
616
594
614
612
595
654
652
672
654
626
578
581
594
589
606
588
600
586
584
597
584
585
599
587
595
598
609
614
608
608
583
580
608
608
644
704
690
701
684
695
678
679
717
680
615
629
651
643
622
639
627
608
623
608
610
610
621
661
669
629
620
617
630
614
614
615
639
616
617
639
623
611
610
612
615
610
625
719
614
696
627
628
631
639
628
631
669
636
628
634
627
643
618
603
606
662
647
635
624
626
617
623
620
643
620
660
629
650
640
640
628
644
621
627
635
654
623
658
633
630
622
630
867
650
660
662
663
649
655
653
652
658
682
695
682
685
680
689
683
680
701
707
685
688
680
685
680
678
702
683
682
678
684
684
681
680
1057
1010
1012
1011
1009
640
620
627
638
637
632
636
629
631
644
632
631
645
636
636
638
634
634
644
636
634
681
623
627
643
630
624
645
670
668
704
631
627
626
655
647
613
651
606
619
669
624
658
659
654
662
705
658
657
690
673
611
611
640
618
686
701
700
680
682
697
689
699
663
621
632
691
682
684
687
680
679
683
691
678
1094
1055
1056
1065
895
676
624
630
646
625
624
650
645
649
608
691
678
678
682
684
681
690
701
687
678
677
643
632
638
614
619
614
612
643
611
612
617
613
614
626
613
608
612
613
611
634
626
613
612
614
725
680
991
974
987
614
606
609
1021
608
604
603
610
630
616
685
686
695
677
683
681
679
678
682
682
680
680
681
715
702
682
677
682
1072
1040
1009
1008
633
945
968
846
583
611
969
962
852
593
578
584
625
628
627
626
631
624
670
634
627
625
625
658
627
626
627
624
625
623
623
626
625
626
630
627
586
582
580
699
581
704
581
596
598
593
588
633
616
668
652
660
649
616
623
613
607
614
995
1015
980
1002
956
985
968
937
955
975
943
937
944
936
938
937
933
906
968
910
906
748
943
931
942
933
890
584
581
577
613
651
654
660
663
653
655
660
651
594
609
601
614
603
602
596
616
630
594
616
612
634
618
624
627
628
626
626
625
638
637
638
653
631
634
672
658
658
664
661
656
688
653
651
673
671
655
654
655
683
678
712
682
677
682
679
615
615
616
612
658
624
649
674
670
615
628
637
671
666
694
607
613
616
634
616
636
658
648
622
652
624
625
676
678
677
693
681
677
684
682
703
681
655
651
668
676
649
651
876
604
591
627
608
612
668
602
610
620
607
623
624
612
614
621
614
611
611
610
691
650
615
617
620
662
615
610
628
617
619
618
609
611
609
619
607
608
639
608
608
627
610
647
645
623
641
662
705
662
656
639
661
682
610
628
637
643
657
616
610
636
662
658
613
634
611
637
604
611
605
612
607
614
613
615
613
638
702
613
614
628
660
646
608
646
635
651
887
605
608
709
611
634
633
645
686
663
643
628
651
634
674
640
653
634
644
646
680
688
680
692
680
691
678
688
677
685
680
698
691
684
681
677
1010
1010
1010
1013
905
654
651
654
663
657
650
658
652
650
653
660
650
650
670
666
665
649
663
658
651
652
653
651
656
658
652
655
653
650
651
652
680
663
652
654
1018
1015
1013
1013
849
649
651
655
652
653
608
946
944
845
865
915
936
835
940
580
580
577
592
590
581
582
654
657
631
638
628
667
637
630
628
637
625
628
601
588
578
583
579
582
691
627
631
625
629
638
628
638
657
664
676
670
655
670
660
656
657
655
656
660
663
655
685
657
652
653
655
693
655
658
660
652
655
657
664
657
618
611
605
607
603
642
652
656
674
664
657
657
639
611
611
625
625
637
623
615
610
643
616
622
609
622
613
616
637
632
617
630
661
630
620
619
613
613
617
617
640
621
627
611
616
629
612
680
625
683
644
657
642
708
702
681
687
699
688
685
693
680
680
678
696
680
681
680
695
681
679
682
688
678
678
693
706
685
679
680
679
1085
1057
1060
1009
833
738
658
662
652
673
657
652
652
663
653
653
654
653
657
653
666
651
650
654
648
652
668
664
654
657
653
658
652
652
670
661
651
654
661
740
1056
1011
1006
838
755
666
660
614
616
627
913
936
885
764
835
915
901
874
856
968
938
953
581
579
579
578
589
603
580
579
577
580
580
578
590
579
614
643
602
612
616
587
674
599
583
590
598
632
593
595
583
586
635
596
587
626
616
625
589
612
610
599
599
627
634
595
655
653
665
661
662
656
655
651
653
667
649
658
653
1011
1010
1008
980
650
672
671
624
611
622
621
642
616
631
637
637
620
622
597
589
589
619
606
617
616
598
588
640
628
598
627
614
613
610
604
605
611
602
596
607
599
601
618
598
592
606
591
607
609
882
706
658
686
646
653
653
657
650
653
665
649
653
652
651
651
656
664
654
654
651
651
652
653
664
651
653
654
651
651
650
666
669
652
654
663
1041
1013
1015
1024
1007
905
673
649
652
655
650
655
652
666
652
651
654
651
651
653
660
652
653
655
653
652
652
661
652
659
653
650
652
653
656
651
653
659
655
650
1048
1012
1010
1012
1008
890
944
940
972
930
827
663
658
580
586
582
580
583
606
590
577
589
600
609
648
648
653
651
649
649
650
668
649
653
652
649
652
658
664
651
1024
1008
1007
1011
1013
603
601
627
611
625
665
660
659
652
664
652
656
653
657
650
649
657
651
656
659
664
652
656
653
651
649
652
665
654
651
654
651
652
652
660
1051
1010
1024
1013
1010
832
612
596
880
924
915
597
578
685
593
583
582
601
585
585
601
585
584
593
580
590
957
610
594
606
582
609
622
615
619
612
601
600
597
595
590
592
607
611
611
616
584
588
581
935
972
691
614
634
587
580
591
577
585
594
579
614
619
604
604
616
609
597
585
587
618
650
651
651
659
651
648
653
649
650
651
659
653
657
1011
1013
1008
1006
946
613
613
625
616
592
606
599
601
596
619
624
608
594
629
629
627
595
613
594
609
633
598
603
601
601
605
618
642
630
653
653
651
648
655
652
653
657
1012
1011
1009
1009
1010
652
651
655
651
656
637
641
652
620
610
623
631
613
607
637
600
602
602
602
950
959
957
609
626
610
628
608
584
653
613
594
619
600
606
591
614
608
590
595
594
589
609
595
604
633
600
625
627
582
581
612
656
614
666
669
687
683
627
616
613
645
622
652
640
659
645
626
616
625
688
627
642
610
607
616
607
631
617
609
612
610
606
600
601
602
610
609
602
604
635
626
716
658
710
651
689
671
655
651
654
635
635
698
692
613
624
650
605
631
620
626
632
609
620
631
620
635
668
641
643
649
975
1015
971
972
928
936
927
932
967
940
898
965
932
940
939
843
862
800
918
936
946
936
939
933
770
920
945
936
937
937
942
934
937
829
941
959
943
579
595
661
652
987
983
586
578
612
581
582
576
598
580
581
596
632
650
656
650
658
651
668
591
589
598
594
586
598
644
626
673
628
632
626
584
580
578
583
581
588
692
627
633
979
976
631
579
579
598
629
609
616
613
617
636
627
627
633
627
633
632
626
627
629
627
634
634
650
635
635
642
633
634
637
634
635
589
588
594
585
588
647
804
982
978
756
586
603
611
612
599
605
599
624
598
661
649
648
659
652
656
663
678
630
614
611
625
604
614
592
610
610
602
614
606
601
603
610
605
611
606
597
631
588
580
582
644
620
631
625
607
651
661
691
662
654
662
654
648
652
649
669
652
658
652
649
657
650
652
653
665
652
654
669
652
653
650
665
656
651
655
662
650
1010
1008
1021
588
586
588
669
656
652
669
652
657
655
650
620
644
661
637
626
627
613
636
621
627
631
633
616
644
629
630
623
674
657
653
654
692
690
679
679
680
1063
1051
1050
1052
967
605
627
633
1005
1027
655
644
778
638
629
629
645
622
647
669
638
673
650
640
621
628
626
610
608
652
634
611
613
604
646
616
629
630
683
1098
1051
1058
760
621
842
959
941
704
701
632
606
636
650
625
935
1014
975
867
1008
955
911
944
902
968
944
973
624
644
616
591
615
640
601
613
614
620
615
684
607
652
626
617
588
589
610
629
619
609
616
622
610
629
612
606
663
646
653
629
640
655
620
624
665
646
709
691
688
628
612
614
610
611
613
614
661
614
623
614
613
651
678
679
684
685
679
678
680
681
681
681
680
684
613
656
626
619
626
625
658
693
677
679
690
679
680
690
688
678
677
687
698
680
680
685
1069
1053
1051
1053
651
630
631
654
699
659
691
678
678
681
678
676
678
679
680
680
678
681
676
683
680
683
678
683
683
682
680
682
679
702
688
697
683
682
679
1058
1064
1053
1053
1018
686
657
615
623
623
650
625
625
649
650
620
650
645
652
689
646
638
692
653
663
662
651
655
655
661
647
580
599
627
629
636
658
629
595
578
581
579
576
587
693
653
650
660
650
651
668
654
675
659
660
650
649
677
654
651
654
667
651
653
655
652
653
654
657
650
658
658
655
650
650
687
650
655
654
1064
1016
1011
1008
1011
900
700
714
667
653
652
650
654
650
662
660
653
652
659
662
652
661
657
652
654
653
650
648
660
649
651
671
663
656
655
651
651
653
651
664
1052
1012
1023
1016
1001
622
616
588
647
636
637
641
635
633
656
649
638
644
645
688
630
641
631
633
636
651
635
633
632
591
599
596
587
612
631
619
610
619
622
614
615
650
1050
1013
1012
1011
1005
772
594
599
637
649
649
651
650
653
661
704
653
653
648
651
658
656
651
654
653
649
647
655
659
651
652
654
664
619
600
613
598
599
643
615
609
637
587
584
649
593
602
654
650
690
679
689
708
679
682
942
956
902
840
874
976
981
976
981
987
983
988
971
942
581
615
616
604
621
621
614
623
608
626
631
621
615
618
615
624
610
607
603
600
591
622
605
619
625
625
628
603
597
601
598
600
615
599
613
597
616
639
603
603
645
607
629
601
610
612
597
638
631
637
628
581
627
619
632
638
614
586
586
627
627
642
628
663
661
662
654
657
653
683
658
656
655
655
683
957
975
972
670
659
643
632
649
637
625
640
636
624
681
683
678
1073
1057
1053
1049
1054
691
679
677
683
680
690
682
681
681
682
680
681
682
688
678
644
652
657
610
631
635
671
639
629
606
619
609
622
606
609
626
611
611
617
610
602
608
601
602
604
602
630
625
603
736
652
654
653
654
662
659
655
652
656
658
653
688
664
656
681
651
617
624
605
626
654
659
621
613
645
624
628
638
619
658
637
630
656
650
621
624
631
638
632
623
635
650
622
644
615
873
1042
1022
629
633
648
671
629
626
623
624
639
632
644
624
615
636
622
633
624
637
626
614
633
612
664
631
631
632
628
616
621
629
618
630
645
638
622
621
611
673
610
630
641
646
967
1012
718
604
617
640
639
606
649
663
618
632
620
624
633
623
628
627
670
665
657
631
659
621
650
642
661
658
651
653
653
613
645
639
634
609
685
605
709
948
1004
738
616
639
608
609
602
614
605
604
609
661
604
602
607
602
604
686
685
679
680
610
605
631
614
603
642
657
663
655
659
692
620
610
622
609
613
624
642
1025
1035
607
609
886
977
960
874
927
670
626
650
613
655
611
605
631
655
615
632
625
608
629
671
609
611
610
643
620
617
616
669
626
650
613
646
629
628
705
646
1012
1058
643
606
891
980
969
925
610
636
626
633
622
634
627
631
635
642
639
648
633
633
643
635
650
631
636
619
666
616
659
641
648
640
653
632
668
612
606
618
603
601
609
605
617
618
610
605
612
646
615
631
705
682
681
698
686
681
682
690
698
680
681
693
678
679
679
691
684
686
679
685
680
1034
1055
1053
1052
683
679
679
679
685
679
680
678
694
687
681
685
683
678
679
681
688
614
614
616
615
895
616
625
612
621
622
629
620
625
611
663
671
668
658
617
645
617
669
628
648
674
701
662
647
621
614
628
642
637
650
648
635
629
640
644
631
651
625
633
628
644
668
621
622
624
643
640
633
629
625
626
628
623
637
662
652
602
608
639
644
632
901
709
681
680
686
612
622
616
636
670
660
667
663
663
662
672
658
662
663
673
662
661
661
659
659
660
681
658
659
661
672
659
660
664
680
617
613
632
615
614
621
606
615
606
614
627
615
693
681
678
680
693
677
681
682
685
675
680
680
682
604
655
648
643
671
648
633
633
651
635
616
637
628
622
628
652
626
623
639
637
622
642
603
614
927
954
961
955
881
979
949
1008
927
835
607
622
602
602
616
638
659
636
643
639
656
656
653
655
653
645
640
621
607
608
683
690
1046
1063
1052
929
684
691
678
607
633
627
639
658
653
633
631
650
630
649
657
641
614
635
623
617
634
628
626
623
688
680
678
679
688
680
679
682
688
689
618
630
610
629
625
647
638
661
693
659
659
660
683
655
958
959
981
976
993
974
1016
970
977
954
823
910
1018
995
604
614
580
580
590
584
614
629
624
623
634
609
611
641
614
623
618
614
627
601
617
613
612
627
607
627
595
584
586
618
614
618
614
615
615
646
602
602
601
598
612
605
606
597
607
611
616
610
618
624
618
628
591
598
620
601
619
619
668
630
655
597
624
956
952
936
583
626
594
600
662
661
648
654
653
662
650
650
652
654
649
652
658
653
653
664
653
653
651
661
653
653
1000
1008
1007
1007
781
988
973
579
594
583
583
602
581
582
594
583
582
601
584
583
599
580
584
593
581
586
586
582
582
584
584
585
584
586
591
584
584
586
584
585
586
577
585
583
577
580
602
626
655
671
654
682
687
694
688
679
678
689
686
679
680
687
680
679
679
688
704
602
607
605
610
609
605
605
605
612
605
616
602
602
613
650
620
642
633
626
622
628
625
654
638
647
688
683
648
649
654
1008
1029
707
641
637
635
636
625
704
605
621
657
628
643
632
644
641
635
618
642
614
612
615
643
656
651
660
620
640
615
630
639
638
623
685
605
610
615
637
999
1027
613
627
626
619
639
641
632
656
608
622
611
611
617
938
610
621
620
609
606
618
645
610
609
617
670
654
671
656
630
659
632
635
629
765
652
650
697
687
656
656
698
660
654
692
661
653
654
683
659
633
686
633
625
634
620
663
621
672
623
633
659
645
631
653
695
679
677
677
678
1081
1063
1055
1058
1050
681
678
682
677
683
679
679
683
687
679
681
680
684
686
682
686
682
681
688
684
682
684
681
681
678
684
677
680
683
681
680
682
681
1087
1055
1058
1055
938
852
694
689
694
679
678
683
688
655
649
636
652
642
642
617
623
622
649
643
634
640
637
634
639
656
667
641
622
642
625
616
687
682
687
701
1096
1059
1050
1053
1010
896
637
613
600
604
609
604
604
609
639
627
660
652
651
649
648
650
668
668
649
648
650
648
640
627
687
629
651
637
625
628
626
628
631
677
627
626
578
581
579
583
621
629
626
627
625
630
637
654
650
671
653
648
650
656
650
650
660
650
650
651
665
656
654
655
652
651
654
658
652
655
652
649
651
652
666
1040
1007
1015
1008
895
662
592
601
588
655
653
659
649
652
655
654
873
977
669
609
645
640
634
637
640
627
623
622
661
643
639
624
627
664
632
636
620
653
624
625
631
616
623
683
647
641
680
667
658
665
671
660
664
660
660
660
662
671
669
680
666
668
657
659
662
657
661
662
669
659
662
662
660
659
661
685
631
630
591
588
587
586
603
596
600
586
584
881
649
651
674
664
808
578
585
579
581
590
621
624
627
604
605
624
602
596
614
612
605
610
605
619
600
597
603
624
627
601
610
610
582
603
618
656
660
1078
1014
1013
1011
580
594
611
611
602
620
608
602
633
594
621
620
610
618
609
599
621
621
612
597
608
610
628
599
599
605
599
595
626
585
604
592
593
590
588
588
591
606
627
608
606
605
611
614
674
595
624
647
606
599
610
583
583
609
615
622
606
679
683
679
679
681
682
604
615
618
632
631
641
652
624
648
638
625
629
627
621
660
667
670
650
651
629
642
921
677
690
690
677
680
682
689
673
635
661
647
656
680
680
678
678
678
685
693
700
677
680
679
680
684
691
680
681
679
680
683
678
680
1055
606
652
615
646
638
653
651
650
637
729
676
668
661
660
662
658
658
661
675
660
660
668
661
658
660
664
660
665
671
660
657
663
658
665
660
658
661
657
667
659
612
640
626
613
616
621
715
962
1003
827
648
869
640
652
632
647
648
631
658
666
635
640
625
634
626
641
658
632
637
628
634
660
610
606
611
606
682
1012
995
973
981
999
981
975
998
985
986
974
999
960
1023
976
986
971
979
977
969
953
931
827
912
986
970
925
938
909
872
936
938
730
592
585
592
585
584
595
599
603
601
607
602
603
619
589
621
619
613
625
613
604
682
684
715
686
675
679
679
680
677
678
699
683
678
679
697
1058
1051
1058
1041
699
686
687
701
637
632
634
687
693
681
686
679
679
681
679
680
682
692
683
682
683
679
681
680
681
690
680
681
680
678
681
681
679
1110
1058
1053
1046
677
625
631
629
630
721
615
617
645
613
613
625
623
656
701
659
661
665
653
614
656
672
646
638
640
656
636
618
612
659
625
665
609
628
606
673
643
632
658
639
637
643
617
653
631
689
699
705
685
690
678
680
681
632
637
676
671
619
643
630
629
643
656
625
604
611
616
605
604
616
715
628
620
603
607
647
626
645
639
630
649
620
633
622
646
626
711
750
680
708
678
680
678
694
705
701
694
692
682
683
683
694
681
686
688
693
681
686
680
705
677
681
700
686
683
687
684
688
678
621
623
662
609
617
623
661
656
623
629
622
616
632
652
647
616
628
680
687
686
615
619
664
610
641
628
626
611
632
621
902
856
864
975
963
926
904
956
943
962
945
958
963
612
615
599
618
592
602
622
586
612
585
596
590
623
582
665
652
637
668
667
651
651
651
650
651
659
659
587
600
608
605
609
590
581
579
617
642
602
854
966
945
829
941
935
925
925
887
860
798
891
948
939
592
608
605
606
597
594
605
629
628
614
623
610
604
608
611
622
624
620
603
599
602
596
593
620
619
618
585
591
853
670
651
655
660
651
649
660
662
648
651
655
666
677
652
669
652
654
654
653
670
650
661
659
650
592
593
589
643
590
592
592
624
620
606
598
589
593
597
585
588
587
587
599
588
605
585
614
601
587
606
667
606
612
626
603
610
579
577
580
600
614
607
601
593
594
610
612
650
651
665
704
650
656
654
650
654
653
664
650
655
657
952
1016
1016
1008
1013
1007
652
663
649
652
652
651
652
651
656
672
654
652
651
653
653
663
654
653
655
651
650
649
658
668
652
654
652
652
650
663
650
694
587
581
580
582
580
579
589
575
596
577
620
962
944
992
598
626
937
981
690
581
583
579
611
608
625
607
599
598
581
581
598
604
595
608
613
608
615
600
603
635
624
648
626
618
593
621
940
579
611
615
682
969
978
581
617
839
971
1003
582
583
609
617
597
619
595
614
640
597
612
613
612
608
623
631
643
638
614
647
612
629
663
679
685
697
679
1054
1059
1057
1056
892
686
691
676
678
645
636
615
995
970
982
1009
971
980
973
983
605
647
677
679
666
657
652
650
653
652
652
653
663
661
659
658
1082
1058
1053
847
659
624
650
633
682
686
682
687
688
680
677
684
690
680
681
680
696
682
680
683
692
679
680
683
691
678
683
682
680
678
680
681
680
679
1065
1055
1066
1069
631
680
684
681
681
625
685
651
664
607
636
670
649
644
637
603
680
679
681
684
680
680
692
622
625
651
644
617
607
670
652
653
715
688
690
659
640
622
609
643
653
680
645
607
609
691
698
677
679
682
696
694
650
646
607
606
685
691
678
678
683
696
765
679
729
685
644
643
624
630
646
648
635
636
624
636
621
630
632
637
629
625
626
873
679
685
694
678
680
679
685
678
679
681
694
678
684
680
682
679
685
680
691
679
679
684
694
678
679
738
1078
1083
656
612
650
613
610
623
675
608
615
622
606
634
652
633
698
687
690
679
680
680
722
677
679
686
688
679
684
680
689
681
682
683
694
681
681
681
691
679
681
682
696
679
690
1094
1013
1010
1011
761
664
581
578
578
645
610
958
979
590
583
619
610
622
612
602
599
661
606
617
628
629
625
659
652
650
669
650
652
656
649
649
649
658
656
659
653
580
580
582
580
630
654
600
586
617
614
604
611
607
596
618
606
648
609
621
598
606
598
585
581
581
580
589
582
595
615
606
604
605
622
662
661
650
650
650
652
650
651
662
1035
1014
1024
1013
841
661
586
633
651
626
660
659
659
648
648
624
648
609
630
637
643
665
612
640
660
679
677
678
681
687
677
675
682
687
680
682
684
688
678
605
630
644
640
653
690
640
619
627
624
613
606
691
681
690
638
609
608
607
611
606
605
605
607
605
604
607
622
679
682
688
686
681
684
690
678
680
682
692
656
601
615
601
607
620
620
605
660
609
604
606
660
619
636
607
619
617
635
637
645
630
630
613
647
635
679
640
654
630
626
641
622
634
671
639
638
626
634
620
681
695
680
680
682
1052
1049
1053
929
640
630
638
636
645
648
663
683
680
692
678
679
681
686
679
680
681
700
681
680
681
686
699
679
684
694
706
687
679
690
680
679
716
686
1061
1057
1107
1102
692
699
681
684
698
690
696
684
702
700
704
717
712
708
723
712
714
708
648
646
642
669
696
666
674
678
675
648
709
730
718
640
681
655
668
637
638
756
646
639
642
656
670
678
672
647
651
648
735
690
725
723
728
727
743
726
722
723
725
735
720
723
722
723
731
721
730
727
725
724
769
727
725
727
720
670
670
709
731
750
881
727
740
732
727
800
691
935
759
748
744
741
744
746
757
748
744
745
745
761
678
719
710
690
761
742
744
749
746
748
752
1197
1152
1148
1209
1060
793
781
698
713
733
735
745
710
762
746
725
743
700
732
717
786
787
799
776
780
783
785
792
814
796
780
777
781
783
783
1206
1210
1217
1195
1021
795
784
769
721
736
794
787
781
783
791
790
796
793
782
784
784
786
792
781
798
782
783
784
784
799
781
784
782
791
705
718
744
703
756
695
715
698
699
721
732
761
715
707
717
792
749
726
728
718
728
732
760
714
759
744
732
737
739
715
742
730
712
727
733
721
756
728
739
772
811
956
826
839
829
828
832
834
829
823
826
827
823
822
823
825
827
837
839
823
830
829
823
1036
1095
1157
964
1131
1051
1195
945
1207
1084
1214
1201
1003
1076
1021
1158
1013
959
1168
1012
1125
1013
1175
1031
1175
1210
1202
1174
1191
1194
1202
808
832
766
786
773
794
796
779
771
767
769
825
825
825
825
831
834
823
819
820
823
828
822
822
827
825
833
833
824
1265
1281
1275
858
762
746
779
749
756
841
837
800
799
799
802
803
802
804
818
822
798
804
797
801
803
805
800
861
804
798
798
800
801
773
755
749
738
738
738
739
795
845
792
795
795
795
791
791
837
807
791
795
794
797
792
790
813
800
797
796
796
807
798
801
826
826
815
806
797
880
777
776
771
763
762
763
740
776
839
832
836
805
759
761
775
776
769
797
764
763
761
784
769
784
782
764
756
741
754
754
758
757
751
773
766
766
748
771
779
756
778
939
1183
1220
1221
1207
1061
1035
1175
1057
847
822
824
823
823
825
839
821
834
826
837
836
835
832
825
828
1274
1275
1022
787
784
786
760
738
785
774
801
806
769
819
787
738
783
743
756
779
777
774
788
763
783
746
729
736
735
768
788
764
752
752
762
759
769
774
789
801
782
814
827
845
846
830
834
819
826
824
823
832
826
825
2133
1966
2264
2724
1924
1788
1909
1939
1795
2271
1995
3027
2851
1327
1252
976
990
791
790
746
763
741
736
744
731
696
675
677
675
693
684
678
677
683
686
676
679
684
677
675
679
683
676
1095
1055
1055
1057
638
624
649
677
678
674
725
769
627
682
628
623
630
680
620
620
655
627
624
640
627
642
625
649
647
648
630
657
633
619
650
634
644
648
624
628
627
634
626
634
618
961
1017
999
983
991
965
942
981
1017
970
1018
973
999
960
959
931
1002
988
1025
982
1015
984
974
1012
971
1003
995
976
1002
959
976
975
1027
862
983
993
941
966
975
983
994
1010
993
968
993
973
1031
1007
977
978
991
994
692
677
680
685
680
735
653
694
644
662
650
670
611
612
673
613
662
660
660
672
656
668
663
656
659
656
656
658
667
659
657
661
682
660
658
628
613
609
613
726
651
683
686
712
704
688
623
641
647
623
641
624
675
632
619
638
631
731
607
928
682
729
706
716
615
616
657
626
662
653
658
656
602
679
1071
1064
1063
1068
785
858
677
606
648
665
649
650
677
655
648
661
652
650
656
651
651
650
655
652
653
651
688
649
651
705
649
659
650
673
651
650
662
653
606
605
605
604
603
607
603
604
604
603
627
939
700
614
617
638
637
648
625
642
619
651
664
692
683
680
676
679
680
676
678
681
686
677
678
678
682
724
676
687
617
604
604
672
634
628
634
636
700
609
1010
973
975
988
957
973
975
732
642
639
637
639
638
635
644
631
612
669
666
676
660
660
700
733
728
718
721
727
740
726
975
973
671
670
900
778
766
908
922
916
829
802
797
792
747
751
745
815
679
679
680
686
677
679
681
683
703
617
604
664
678
634
662
637
642
689
686
1087
1060
1060
974
760
963
639
657
664
698
682
676
689
685
679
679
684
696
678
678
690
690
681
680
684
694
680
676
680
686
700
1079
1058
1069
1183
617
643
660
664
836
611
612
667
652
653
690
683
640
681
669
648
623
620
791
681
681
679
681
683
681
683
684
679
682
679
680
680
678
680
683
680
680
637
702
1098
1068
1053
1053
709
634
636
618
630
647
639
623
677
970
992
983
958
856
773
616
690
682
688
697
681
677
680
689
681
680
653
680
643
625
658
637
625
625
648
616
646
648
667
666
649
669
912
681
686
678
636
640
661
655
622
700
672
661
691
687
678
648
665
639
622
637
645
636
650
727
692
708
686
681
678
678
677
665
758
605
609
604
604
603
610
981
906
826
606
771
1003
1020
673
644
605
633
619
660
650
622
630
648
622
663
629
635
631
647
630
627
624
639
623
624
627
646
662
639
634
639
628
633
636
651
644
752
642
638
655
665
720
623
640
636
625
608
620
604
607
622
603
603
604
605
604
603
601
624
607
607
603
604
606
604
603
608
618
603
603
602
605
642
616
638
630
640
617
678
611
627
893
748
1044
1005
995
984
944
859
980
790
926
930
659
683
616
637
645
644
652
620
643
643
638
653
654
652
655
668
665
661
643
637
633
611
609
780
630
664
621
636
623
628
678
664
628
630
623
640
653
649
623
625
653
626
642
625
745
661
614
651
650
623
610
609
636
636
687
678
620
622
680
1095
1055
1069
1064
666
663
607
638
1010
989
1041
609
610
607
689
700
691
682
681
689
687
679
683
697
679
683
683
691
697
678
695
697
680
677
676
687
677
677
689
1057
1047
1059
1052
908
620
611
631
643
612
658
690
682
682
682
680
683
691
680
607
606
610
601
604
608
713
608
605
701
681
694
688
677
699
681
690
686
679
679
1100
1056
1057
1055
1056
638
641
1028
961
915
658
754
636
655
618
631
638
630
629
640
620
653
625
693
671
678
678
680
678
680
685
623
602
642
641
655
630
639
639
627
637
649
608
606
616
640
619
653
648
612
609
628
635
626
614
617
623
641
667
636
648
658
628
639
618
620
635
635
640
652
625
637
659
631
634
621
624
625
635
632
636
633
644
637
634
649
631
637
624
633
657
640
605
632
626
627
619
626
623
660
648
638
651
620
634
645
625
631
627
657
682
640
632
624
623
630
648
624
661
610
625
631
664
631
609
611
637
630
615
620
665
613
643
911
685
681
683
680
692
680
681
678
694
630
623
623
631
627
645
623
625
663
659
613
693
684
690
679
678
732
609
602
607
611
602
657
632
640
636
642
623
635
619
605
604
610
621
640
758
641
621
631
640
692
669
636
605
642
621
632
635
621
610
623
633
616
619
618
611
615
613
617
654
619
617
650
653
621
615
636
646
647
616
645
612
638
679
625
658
635
691
709
631
635
611
649
658
721
1006
617
607
603
602
612
636
625
622
633
630
663
636
638
632
635
628
636
693
653
661
658
938
613
618
605
611
626
650
625
628
646
610
640
627
629
611
645
652
644
699
656
675
658
666
679
678
678
685
675
682
679
685
676
674
681
673
678
678
679
678
681
680
682
686
637
647
669
622
650
641
643
642
647
643
636
645
868
1033
1027
608
602
609
603
608
604
628
627
631
689
686
679
679
679
692
698
677
698
684
676
678
678
686
678
677
679
693
678
681
679
1058
1058
1056
1055
797
634
659
641
639
624
633
634
638
668
667
626
643
617
605
624
628
611
635
632
647
637
638
631
609
621
636
655
657
662
689
656
653
665
660
658
617
616
610
610
612
635
662
672
722
651
653
725
653
656
668
678
653
691
697
682
677
615
628
614
666
680
659
660
658
663
665
660
661
657
629
630
631
630
629
639
630
636
598
588
587
595
583
587
587
587
592
675
629
631
642
636
653
636
590
605
602
612
614
622
607
585
599
610
600
615
624
602
612
614
658
651
661
648
596
612
627
627
634
625
627
635
627
626
595
580
581
585
580
579
580
592
625
643
626
625
632
622
626
632
625
629
640
628
625
628
624
661
649
660
652
651
653
658
652
647
656
661
655
653
652
651
652
660
655
651
656
1065
1020
1010
1012
949
647
595
580
615
605
608
613
627
584
600
651
609
669
780
840
853
942
872
765
615
646
604
587
597
603
617
601
613
609
608
637
612
608
608
598
600
613
596
609
602
617
595
594
606
661
691
674
650
651
638
581
644
629
612
655
663
649
650
654
653
653
652
660
616
596
617
593
605
623
623
612
616
626
612
624
603
620
597
625
609
610
624
578
619
586
585
938
975
754
750
945
890
933
931
581
580
578
587
577
577
591
578
611
622
627
603
593
602
580
627
606
608
630
625
593
628
600
587
606
622
594
614
604
597
616
614
640
660
653
654
657
651
652
652
661
683
682
680
691
678
681
683
690
682
678
680
694
683
680
682
688
684
682
689
689
683
677
684
687
689
683
682
1057
1008
1013
1008
841
648
655
652
654
650
664
650
650
653
650
649
582
587
582
595
609
610
600
612
602
611
609
580
595
599
610
605
606
600
661
670
651
649
661
654
651
1050
1010
1012
1009
996
664
590
609
615
645
639
945
927
952
935
958
801
746
941
930
936
930
942
608
639
618
665
650
607
612
590
612
593
604
581
610
601
611
619
585
622
875
646
652
665
619
665
654
599
604
600
615
627
609
629
626
604
626
619
617
599
611
612
592
616
611
596
627
627
601
578
590
580
585
579
658
652
658
1050
1017
1016
1018
1020
701
597
948
967
818
595
602
591
972
583
624
603
614
601
636
595
611
585
586
595
614
610
633
611
604
631
598
607
612
623
596
617
621
603
640
603
619
627
598
609
585
613
591
996
977
965
577
654
991
990
587
583
582
582
580
580
619
661
607
609
598
580
579
578
638
612
620
595
602
603
586
608
601
592
599
589
603
591
581
578
583
577
603
615
598
597
641
629
631
641
642
643
627
631
630
631
630
579
582
608
622
611
586
593
600
599
617
604
592
653
650
651
665
669
602
599
586
590
589
610
593
626
619
607
613
934
929
933
929
945
929
948
942
945
958
951
943
955
879
816
794
653
656
863
880
942
875
944
921
944
931
927
938
934
950
929
622
653
663
659
653
662
659
658
654
654
651
650
599
586
630
634
654
632
632
637
642
627
633
626
677
650
714
944
996
978
971
920
898
925
945
988
917
963
623
694
660
656
652
663
651
654
652
648
651
673
672
687
692
678
678
679
707
638
680
641
625
643
656
621
626
622
642
634
640
667
642
644
643
651
623
620
641
1002
978
787
944
903
640
614
606
613
605
605
603
602
635
627
608
618
628
648
638
643
662
643
628
628
630
653
622
624
624
623
624
659
649
655
613
610
612
664
643
645
666
657
649
639
654
662
644
645
638
648
635
636
618
616
616
613
613
609
604
633
610
678
684
686
708
677
679
680
677
678
690
1099
1010
1011
1012
908
817
653
664
649
650
650
658
652
648
652
652
671
658
662
659
655
650
645
650
650
657
651
652
651
651
650
653
656
686
648
652
652
653
649
657
1053
1019
1025
1019
1013
771
646
603
590
668
629
634
649
633
637
635
631
626
644
649
633
631
641
628
631
637
631
631
631
631
628
653
643
621
624
604
587
588
588
587
587
587
587
596
628
585
590
585
833
648
654
658
653
651
676
652
650
655
651
652
650
663
656
648
654
651
651
655
661
581
577
612
610
626
615
610
633
606
618
630
603
602
669
660
651
1011
1011
1020
889
653
697
616
596
596
629
619
623
602
611
625
596
620
595
595
637
625
592
593
582
622
621
608
619
596
610
598
678
663
649
651
654
648
648
658
648
1051
1007
1012
1010
995
884
648
651
655
665
659
651
670
654
678
650
652
654
650
665
654
651
652
659
659
670
652
655
657
651
662
650
651
650
660
652
651
660
651
653
1060
1018
1013
1011
1000
638
588
623
614
605
962
997
874
580
757
582
650
651
651
660
650
651
658
648
653
651
680
658
651
651
656
655
651
665
649
663
650
649
652
653
1030
1011
1015
1015
602
589
624
609
653
660
654
669
661
667
655
654
661
650
649
654
655
651
653
664
651
651
651
578
580
593
595
583
598
617
795
924
929
934
925
937
932
939
938
784
975
948
920
938
933
749
948
939
944
929
937
584
581
577
581
631
625
626
604
616
618
602
599
610
617
615
616
588
597
612
596
607
607
637
602
678
655
636
624
626
626
624
640
622
626
635
622
623
630
622
623
638
623
626
626
626
621
626
645
588
582
577
580
603
580
577
579
627
651
650
587
608
610
597
605
597
597
606
605
606
829
649
977
974
1017
603
580
584
580
580
580
580
589
579
578
577
586
580
579
580
606
591
580
582
585
580
577
577
588
587
577
627
623
626
623
626
628
585
625
624
968
585
593
633
646
640
642
640
630
622
623
647
638
645
636
630
626
633
630
635
629
700
652
630
629
641
634
628
639
637
634
632
630
627
632
629
630
629
625
586
589
590
626
629
633
597
587
612
614
604
616
590
604
610
663
656
654
650
653
655
673
647
651
659
652
652
584
577
579
577
580
576
589
581
606
616
619
649
651
674
657
652
657
1048
1014
1015
1010
824
617
613
604
615
602
608
607
602
596
665
669
656
655
654
657
652
668
690
644
645
630
626
628
611
627
623
623
665
618
622
632
622
634
628
653
641
661
611
619
631
621
607
932
682
683
691
679
680
679
717
694
678
688
697
680
680
617
676
795
610
683
659
651
677
642
635
674
902
631
626
624
674
627
707
661
646
663
607
620
621
605
622
633
629
611
882
687
680
847
621
651
659
677
641
643
621
625
914
661
653
610
738
626
671
655
677
656
683
656
635
608
627
605
696
681
639
623
655
686
690
607
1010
910
935
974
969
990
977
971
867
806
903
910
973
971
976
904
983
985
998
776
922
982
958
710
680
657
665
685
690
677
665
652
658
692
709
650
654
620
687
683
679
682
691
681
699
679
694
679
678
683
693
680
679
683
691
679
682
680
689
681
678
684
690
683
681
684
692
679
680
702
699
1042
1055
1063
946
850
648
649
653
669
652
649
654
649
651
657
681
658
654
655
664
651
651
651
655
652
653
664
652
655
653
651
695
656
660
651
651
652
653
654
983
1011
1010
1004
653
650
671
655
653
669
663
654
658
668
651
652
652
673
651
651
650
648
649
652
661
651
653
654
652
652
653
662
653
650
653
653
653
654
659
1025
1012
1008
1013
639
682
648
650
657
651
652
651
664
653
654
656
586
610
604
600
596
599
605
610
606
626
627
602
630
626
627
645
626
625
631
624
645
619
662
651
615
630
625
638
629
657
609
650
696
732
645
677
636
650
638
698
662
699
616
624
649
644
628
613
607
633
651
655
622
645
642
629
630
643
610
646
679
680
685
679
678
681
714
1106
1057
1051
1058
932
795
635
950
967
816
581
604
593
578
597
605
599
602
586
602
580
585
580
580
581
582
579
582
587
589
577
577
588
614
614
628
630
626
621
607
608
602
604
579
631
609
587
821
629
925
680
678
692
677
678
682
684
678
682
681
683
683
616
614
629
614
644
624
615
619
628
612
639
612
613
633
630
613
639
611
612
613
615
626
584
586
593
654
640
668
623
592
592
610
686
645
683
629
630
638
622
626
633
649
654
640
619
634
644
638
641
647
619
638
622
620
635
612
636
647
624
628
631
643
636
643
622
654
638
650
684
632
666
655
693
695
687
638
631
672
611
619
667
611
633
641
622
627
639
622
626
625
663
639
641
624
634
626
640
628
637
656
639
619
626
630
627
622
635
609
606
602
664
638
707
683
694
685
690
680
687
678
686
680
680
681
687
678
680
685
702
652
646
605
636
632
632
624
613
615
626
633
627
626
612
629
632
623
638
649
619
618
623
666
697
623
654
645
642
620
620
612
638
630
603
614
633
619
615
620
666
847
1127
605
634
651
643
662
621
675
626
613
646
635
628
626
640
634
613
605
616
608
605
620
626
626
619
1009
993
1018
989
621
828
877
995
981
992
953
872
915
979
825
581
593
666
652
656
655
652
652
664
651
652
656
653
653
652
1009
1014
1012
1011
660
990
982
593
606
663
914
632
596
605
615
602
605
615
592
623
608
617
590
613
600
651
651
652
651
653
661
652
651
653
659
650
651
657
651
654
1006
1006
1009
581
624
599
596
610
649
653
656
667
581
629
622
647
650
664
650
656
652
662
654
654
671
660
652
652
660
653
655
653
662
650
652
662
651
654
652
1053
1019
1015
581
581
618
964
950
920
876
883
861
945
744
586
577
661
653
652
655
655
661
651
669
652
653
653
655
661
659
602
608
916
596
595
601
597
612
611
587
596
594
634
947
917
941
949
942
950
878
1015
900
967
846
985
992
1018
967
805
802
860
914
953
933
946
579
591
607
601
635
630
614
650
609
631
710
605
581
592
586
628
583
623
655
677
600
659
652
658
657
651
667
656
654
653
676
649
655
658
666
652
673
651
654
664
656
653
651
652
653
651
1046
1011
1008
926
660
620
613
632
594
601
599
663
583
602
606
669
659
651
660
650
652
649
649
650
648
666
651
652
653
650
654
653
684
654
651
656
655
651
651
663
1080
1021
1013
1009
910
661
628
591
633
619
635
587
585
589
587
634
617
598
584
587
618
585
586
589
612
587
672
625
595
599
612
630
611
603
601
598
610
599
619
601
602
606
612
598
602
603
594
600
612
605
863
626
599
628
596
653
651
613
619
625
634
611
616
623
612
619
612
598
617
602
609
594
665
651
652
655
648
649
653
666
647
650
662
650
652
652
1057
1012
1011
1011
956
949
929
938
947
939
850
958
584
600
592
588
616
601
600
614
653
651
656
648
649
651
650
651
654
851
938
947
673
653
650
655
650
1045
1014
1012
1021
875
645
601
659
599
617
627
611
614
654
627
585
600
610
605
596
589
584
587
585
599
590
608
629
624
588
588
593
585
588
595
600
584
596
588
606
606
645
609
621
623
626
626
613
621
600
962
968
945
927
975
1000
890
758
606
895
855
989
608
602
606
603
671
639
648
641
624
643
655
639
647
646
642
626
634
631
621
611
646
594
611
640
618
595
617
648
580
628
651
642
660
650
654
654
650
651
655
660
651
667
648
653
625
599
601
622
642
600
609
591
599
607
603
600
610
601
594
608
612
635
613
605
619
599
604
589
579
629
613
590
593
590
622
593
612
610
611
617
653
590
616
605
621
583
616
603
598
628
600
610
623
582
603
614
600
610
610
615
586
604
599
598
840
669
659
1050
1011
1013
1010
1010
865
918
873
619
688
659
652
687
664
682
658
651
591
596
593
586
584
596
590
588
600
594
587
591
589
587
613
600
588
587
588
585
590
584
620
597
606
639
610
605
604
624
614
610
579
582
586
630
630
638
627
628
610
655
614
644
650
625
893
841
977
984
981
982
976
979
755
604
614
613
616
600
657
665
664
655
1019
1005
1013
1015
615
605
589
588
611
608
617
612
614
626
607
585
612
606
595
620
596
608
623
606
628
611
581
582
653
605
613
616
603
641
580
581
586
612
598
594
615
625
635
580
616
579
593
580
584
599
590
636
682
642
636
626
625
630
635
638
590
596
590
605
583
599
597
617
606
615
652
649
652
658
667
658
654
649
655
654
663
651
651
665
674
650
653
658
1043
1010
1017
1017
838
664
655
652
671
657
648
663
679
649
595
602
596
592
603
628
627
627
631
631
662
662
647
652
663
668
656
659
664
648
648
660
663
664
655
658
1042
1014
1012
1013
1004
606
588
585
975
937
931
599
606
659
650
657
649
650
652
688
651
668
658
657
656
651
648
652
650
658
659
651
658
650
655
652
662
656
653
1055
1014
1011
1010
656
587
598
635
612
631
608
608
625
610
603
609
581
608
622
600
587
592
592
617
613
622
660
669
650
651
651
649
653
649
660
652
651
650
652
650
652
656
1044
1017
1009
622
591
674
626
632
602
616
601
644
612
585
602
604
605
615
595
605
606
608
606
637
614
597
602
597
619
595
590
610
621
604
604
596
610
606
609
627
603
597
600
601
606
589
597
624
607
638
594
646
604
608
620
617
637
624
622
617
611
633
601
605
693
633
633
627
626
631
626
607
607
605
604
602
603
605
603
606
605
619
615
601
689
683
679
1110
1059
1065
1053
898
662
640
654
655
665
682
664
659
667
663
664
659
659
658
665
670
660
660
659
671
659
658
659
659
656
661
669
658
660
675
691
669
657
661
660
614
612
609
613
626
1063
692
681
683
683
700
695
681
682
674
647
630
644
630
625
630
1023
994
979
953
965
985
942
951
945
948
675
616
636
590
610
596
643
599
625
656
588
617
601
622
616
932
959
988
595
626
581
581
603
604
582
598
639
630
627
628
634
639
628
628
633
626
626
628
631
647
634
627
629
624
626
626
614
607
629
621
987
999
657
618
854
951
937
783
662
651
674
652
648
656
685
651
652
655
651
651
661
650
669
654
655
656
651
662
650
649
605
620
614
613
629
589
994
597
591
619
608
587
589
889
967
866
579
578
834
616
621
624
594
598
610
619
623
599
602
594
612
603
600
616
603
599
597
601
598
601
605
603
600
584
580
595
575
580
576
579
595
584
695
589
741
934
907
577
652
731
576
591
628
594
622
615
601
607
620
644
650
662
650
651
651
657
650
651
656
649
651
650
651
665
662
659
652
650
1013
1010
1010
947
586
589
593
581
593
602
602
632
635
625
620
659
648
649
913
864
849
606
657
610
610
606
653
650
649
632
634
629
626
624
627
628
637
662
618
650
622
625
620
640
639
641
630
647
623
648
715
655
695
643
651
625
643
621
638
625
635
691
681
685
683
681
678
694
683
676
681
691
681
681
675
603
604
642
663
636
611
617
602
625
655
628
638
636
626
693
682
681
682
677
659
630
635
647
640
643
642
650
644
653
642
624
690
602
616
666
618
630
613
610
611
611
613
612
624
614
619
622
613
613
659
612
606
650
627
641
673
664
685
673
663
605
635
631
650
649
635
659
634
644
641
622
604
622
627
633
624
607
608
610
605
605
618
642
633
642
626
627
648
615
609
603
613
601
605
639
638
726
613
604
603
642
609
614
616
603
602
608
606
608
606
619
648
621
638
639
646
631
641
631
653
620
623
642
628
620
614
632
638
620
647
644
624
612
592
589
614
588
610
601
616
601
690
630
627
632
626
626
631
585
657
647
695
692
652
655
652
652
656
683
651
653
651
650
653
653
661
655
653
651
657
650
649
661
655
655
678
650
644
613
623
612
613
625
626
611
946
697
681
696
682
700
680
682
686
694
679
638
646
609
616
612
633
636
636
639
654
651
639
648
634
669
688
627
919
910
979
977
973
977
979
952
973
985
982
987
997
1002
989
926
974
610
606
627
651
635
625
646
658
624
626
640
654
653
675
656
652
652
662
656
655
659
652
658
606
628
601
604
916
687
678
683
680
692
688
677
679
687
680
678
679
690
681
679
681
691
684
680
682
686
677
684
683
697
687
681
682
687
679
684
679
688
1067
1057
1059
1059
811
924
907
584
582
651
984
1004
670
587
586
665
654
660
654
652
655
652
652
652
661
649
651
653
650
656
652
660
648
652
654
654
650
651
1052
586
629
590
612
672
655
601
626
624
671
660
653
652
656
673
649
655
664
652
654
653
657
658
651
663
651
652
653
665
652
654
653
651
649
649
660
654
651
654
651
1049
1004
1009
1016
888
612
613
641
654
611
628
612
631
652
652
632
630
630
631
635
647
626
628
615
650
590
604
632
619
622
624
615
603
610
608
599
608
629
598
602
577
579
596
628
616
587
671
656
606
585
603
688
582
595
594
603
594
628
606
608
613
605
610
626
637
633
605
602
648
615
608
596
636
610
611
602
614
621
612
602
616
607
600
622
634
593
588
609
604
619
622
642
616
643
726
648
654
654
651
651
661
588
597
631
612
622
616
636
604
622
607
624
625
625
620
613
601
578
617
611
608
618
614
586
607
605
598
623
626
599
616
599
589
606
597
588
586
587
588
584
584
590
594
629
625
701
653
658
703
693
680
692
635
633
617
631
603
644
628
634
649
606
602
604
610
603
649
633
662
637
647
620
679
631
622
637
610
625
638
638
660
614
613
619
693
646
675
682
609
604
604
632
701
708
674
683
616
615
643
640
626
640
637
647
630
700
689
682
689
679
677
847
606
608
605
608
604
678
651
663
606
604
626
601
602
610
609
604
604
666
623
626
623
665
626
622
998
905
988
965
992
784
625
621
647
628
649
669
643
621
629
633
635
612
639
632
620
678
633
630
631
644
624
631
647
631
651
650
1052
607
645
637
623
701
681
632
638
685
694
699
689
679
677
681
675
679
677
677
684
682
683
680
680
682
678
680
684
690
700
682
680
681
680
1104
1013
1014
705
936
967
943
915
917
617
622
608
616
655
664
649
650
653
665
650
649
669
676
650
655
651
650
654
670
651
653
653
651
651
651
683
650
652
1013
1014
1010
1011
687
588
590
579
950
976
662
583
579
606
588
595
590
586
587
589
586
588
598
582
607
630
629
651
648
654
659
651
653
654
649
650
653
661
669
657
1056
1013
1010
1008
890
652
617
614
607
601
590
648
624
622
623
670
642
628
627
637
622
626
633
639
639
636
651
636
629
626
645
639
627
621
630
637
645
639
636
647
647
626
636
627
639
618
652
667
723
602
610
719
641
633
674
696
683
691
702
698
678
680
680
690
681
678
678
690
678
680
681
693
692
684
683
690
677
682
681
689
679
687
679
678
677
676
1055
1056
1056
967
629
685
680
707
616
655
655
689
661
654
656
652
655
655
663
653
660
653
652
656
651
660
655
649
673
652
651
654
670
653
715
655
694
694
630
637
689
709
679
625
651
640
626
617
634
652
627
638
650
700
614
602
612
614
628
657
627
633
641
647
620
630
628
621
651
674
673
654
654
661
652
650
652
667
665
652
651
609
658
631
626
619
701
671
656
655
653
674
631
645
696
637
731
620
639
668
662
673
664
661
659
669
678
657
660
667
658
652
665
668
655
651
660
653
832
689
709
720
605
611
618
606
673
680
675
657
690
653
657
652
661
657
716
682
692
693
615
638
619
616
637
623
619
655
680
640
655
657
661
655
646
671
652
664
639
632
639
639
649
641
649
843
976
967
702
706
680
687
685
692
680
680
683
689
680
682
682
695
681
681
679
706
694
679
682
691
680
680
679
687
684
681
683
1048
1058
1059
605
605
690
611
649
668
654
660
649
652
677
673
655
651
653
667
652
651
663
660
652
653
661
653
655
677
651
674
666
661
653
653
653
649
654
660
665
653
611
614
604
607
654
631
657
627
619
636
647
645
667
679
624
610
617
617
618
612
615
675
680
677
661
665
657
658
673
656
676
668
666
659
615
629
612
660
664
662
658
616
624
646
640
633
644
817
656
672
661
660
660
659
658
670
672
666
661
656
669
657
659
682
663
657
661
673
660
655
656
655
634
633
648
631
629
633
629
630
631
632
591
587
584
587
589
588
723
663
672
692
688
682
700
604
606
620
606
608
642
649
618
612
602
603
605
607
608
609
602
602
602
621
612
607
605
602
612
604
641
652
644
608
610
651
637
626
653
630
636
702
646
641
982
984
976
1009
1013
1014
981
975
656
646
625
625
649
641
637
640
648
644
614
639
654
633
605
609
607
635
630
623
626
656
622
618
618
609
661
749
605
621
644
696
665
666
660
693
660
662
665
655
659
655
668
660
674
658
695
656
656
664
656
659
656
670
675
657
661
666
657
660
622
610
641
610
612
615
616
614
655
636
639
618
630
625
622
948
978
988
973
1004
974
798
972
985
934
938
936
941
940
954
969
956
934
941
935
936
935
804
950
972
941
809
934
813
609
676
652
655
653
649
652
650
669
653
652
653
650
651
652
658
669
651
650
649
651
651
659
649
651
605
581
626
619
640
676
601
584
980
972
996
615
588
603
605
619
631
664
601
605
600
607
610
584
577
577
578
611
609
597
611
592
639
633
626
625
628
624
624
627
624
631
578
615
614
581
713
916
649
690
656
711
677
679
678
701
678
677
686
689
680
678
690
695
680
680
693
692
685
687
684
691
681
709
686
693
950
609
645
612
612
626
625
621
609
610
605
599
600
608
795
681
681
689
655
614
622
667
617
644
711
694
679
683
693
679
680
681
695
680
679
682
622
646
608
644
613
639
605
648
611
610
614
612
662
620
612
613
621
613
712
795
664
652
652
661
657
656
656
663
651
653
666
606
629
621
659
615
625
627
623
616
637
643
625
636
617
633
622
629
633
648
645
640
650
664
660
608
647
629
612
613
809
611
610
666
1023
1026
621
652
812
605
604
606
608
607
605
605
626
682
658
629
629
644
628
623
645
607
617
659
651
664
601
606
641
610
630
629
637
623
635
616
632
630
643
997
1013
798
618
716
656
615
635
972
977
988
858
1012
1009
970
978
973
977
985
931
940
931
936
628
624
627
623
625
594
608
613
619
659
762
645
632
633
632
633
634
634
649
629
631
649
628
632
581
578
580
606
592
588
604
607
626
613
618
611
608
579
578
578
581
582
578
580
596
588
603
608
609
612
615
610
615
609
624
589
605
613
601
623
608
608
618
659
649
650
593
585
613
645
633
633
640
633
649
643
632
632
666
630
629
633
632
633
633
648
630
632
655
632
631
618
617
624
612
637
637
630
618
627
582
601
589
581
577
581
593
578
577
593
582
577
580
582
578
577
592
660
657
657
651
665
654
650
653
695
615
586
613
598
598
616
604
607
609
594
940
934
939
930
948
924
946
945
947
988
976
978
972
978
978
907
608
695
689
678
680
648
631
610
629
626
657
625
609
622
628
625
634
619
622
645
627
624
630
632
626
655
648
614
667
666
656
653
643
678
625
641
657
620
638
648
630
657
653
633
631
631
652
651
634
668
642
687
687
657
635
657
635
638
647
641
602
604
605
620
634
734
623
602
607
675
644
662
648
629
694
679
691
676
679
685
685
677
684
689
721
680
682
682
697
681
700
681
688
678
683
684
690
680
681
684
1057
1037
1010
1017
667
579
594
585
583
579
967
978
586
581
591
587
575
594
579
589
638
579
580
590
635
622
631
698
684
702
689
677
725
619
637
636
637
664
619
628
656
636
628
624
626
623
663
662
641
620
653
634
639
633
654
643
650
617
613
605
694
679
686
676
686
627
601
609
606
605
603
650
639
638
636
635
659
655
646
677
644
626
652
620
621
653
628
658
687
682
693
670
649
651
638
624
631
633
648
624
632
649
609
644
659
622
625
626
645
627
625
619
611
621
666
608
627
638
624
626
613
633
627
641
644
637
635
637
624
651
624
671
612
622
666
628
641
636
625
635
633
636
629
606
641
616
612
626
646
613
613
614
664
661
666
657
682
661
658
665
656
664
661
658
661
656
614
612
629
612
667
617
638
645
656
626
621
628
667
616
658
684
663
619
637
668
689
680
690
682
680
679
689
649
649
653
650
655
655
658
650
657
655
651
624
603
618
605
602
602
641
616
599
620
660
646
606
649
592
590
631
632
630
633
636
636
627
623
639
627
624
628
625
626
633
633
631
631
649
625
638
634
652
626
635
626
626
625
578
618
635
633
622
745
832
903
937
932
791
913
585
582
576
593
585
588
678
656
653
676
650
618
616
627
642
611
591
611
595
617
660
656
658
649
651
660
648
650
1043
1014
1008
1009
644
589
578
580
595
626
594
606
611
583
595
591
619
584
580
630
595
604
577
590
581
585
643
588
586
610
601
608
622
604
616
593
971
579
589
577
578
578
603
580
584
578
582
580
607
672
618
591
836
928
904
584
583
587
633
581
657
652
653
649
594
579
579
603
588
582
609
578
590
993
580
626
629
579
578
578
626
622
612
580
593
582
593
635
587
621
608
637
587
614
606
592
662
650
648
652
671
647
618
648
625
618
712
685
712
692
680
692
682
680
680
686
675
686
682
691
678
678
681
690
680
686
690
707
1067
1012
1013
1015
594
679
653
677
658
662
653
652
651
657
655
651
659
652
652
653
650
651
664
670
652
656
650
650
647
652
665
650
652
650
649
652
673
672
684
701
1054
1051
1059
1057
625
612
638
624
707
681
624
633
627
627
615
647
614
613
608
604
656
662
657
659
671
660
659
661
666
659
657
661
668
659
602
615
601
603
643
614
661
638
652
605
604
602
632
613
612
616
803
613
619
608
671
685
698
689
678
689
684
683
685
686
681
691
679
684
680
680
681
688
679
698
692
690
683
680
679
695
1089
1068
1060
1011
991
878
659
649
652
654
650
651
586
650
684
633
635
630
631
642
643
635
632
639
633
633
626
624
623
607
623
600
616
595
606
613
645
606
609
656
650
649
643
619
609
599
585
591
590
586
655
679
650
655
655
658
651
651
654
652
662
654
662
651
636
644
610
611
603
591
589
617
621
612
623
612
631
624
622
600
611
616
611
607
599
619
620
608
607
625
617
686
719
668
650
650
659
651
655
609
605
635
614
602
610
586
619
597
608
611
610
615
584
599
628
596
623
622
604
620
594
596
600
608
594
597
648
649
652
1057
1012
1014
1010
856
730
604
591
614
610
627
629
627
639
631
660
677
661
634
614
638
637
624
639
643
640
632
645
617
645
626
646
648
637
622
606
624
636
660
645
625
628
634
645
631
617
682
691
614
613
898
993
910
613
607
769
643
627
626
623
619
629
661
651
639
643
640
638
642
666
637
652
660
620
650
680
679
631
640
641
649
651
618
646
649
619
646
623
1023
991
1004
1025
1007
949
977
905
894
912
1017
933
938
781
918
908
950
979
949
937
941
930
942
935
619
602
602
599
626
595
605
612
670
595
602
633
669
654
654
955
934
940
597
623
628
624
606
617
609
615
637
623
624
622
624
627
640
625
640
641
625
629
624
645
624
605
616
596
615
623
604
591
611
601
638
624
597
681
597
589
601
589
875
953
592
609
612
596
611
598
612
641
627
605
600
614
612
598
606
627
622
612
609
611
605
611
611
593
601
592
602
603
609
597
594
594
976
931
944
938
935
591
601
598
616
596
587
585
580
582
597
600
610
603
597
597
603
620
598
614
586
606
614
628
612
622
604
604
602
623
607
599
582
577
582
577
580
644
658
603
587
582
584
634
628
625
629
626
626
629
624
624
672
649
623
625
640
599
596
602
615
600
627
594
612
639
600
615
595
591
641
609
601
593
599
608
604
638
965
586
643
1013
943
933
579
580
862
948
871
634
587
635
601
577
581
626
611
895
579
581
602
607
605
613
603
600
618
610
601
601
604
598
596
588
634
629
978
602
622
588
941
968
934
941
931
939
588
658
650
629
626
626
626
633
623
625
625
638
623
623
642
626
627
635
626
644
627
629
633
626
647
626
625
624
579
580
578
580
619
769
625
667
679
627
625
628
625
625
628
628
625
628
628
624
624
633
622
624
636
623
623
643
625
672
625
626
622
665
622
626
628
632
624
629
640
624
580
606
578
581
580
603
661
728
678
680
679
695
680
680
696
912
800
937
696
639
638
642
613
656
626
628
613
611
631
632
634
637
619
643
672
648
607
641
643
644
619
635
628
635
662
658
640
634
618
652
633
630
613
612
626
660
664
665
657
659
660
668
661
649
654
656
653
654
662
657
650
652
652
675
654
640
655
639
622
641
640
621
615
631
623
624
1043
651
632
684
663
652
655
666
654
656
652
650
658
654
660
651
651
653
652
654
693
689
617
618
614
614
643
613
609
611
661
637
604
703
731
690
640
610
636
623
651
612
633
670
673
614
679
698
684
692
681
681
680
689
613
617
629
622
650
653
627
623
630
641
637
630
692
680
677
677
690
676
678
680
692
680
681
1069
1009
1013
1008
590
584
632
584
608
631
653
649
652
660
591
611
597
588
595
593
602
626
609
594
599
634
635
628
622
619
657
663
649
586
602
646
596
604
624
622
713
627
581
594
579
579
592
579
625
667
629
596
612
579
604
612
601
605
637
625
669
652
655
650
655
597
607
595
617
596
628
670
656
650
655
653
656
656
688
687
680
679
692
680
681
1056
1056
1056
1060
637
623
632
640
654
651
654
669
675
652
673
639
680
634
652
653
651
631
639
642
651
638
645
621
629
621
630
622
615
603
692
677
680
678
694
677
680
1062
1058
1062
1062
996
669
651
653
656
657
660
623
604
593
623
653
650
617
619
651
649
652
625
611
615
623
638
614
621
613
611
624
614
664
614
615
654
622
630
629
629
655
633
621
622
603
605
615
662
637
627
650
669
640
636
626
626
626
631
632
634
687
680
677
687
688
683
686
702
689
678
679
617
625
646
630
634
625
631
624
650
610
637
645
635
626
635
617
612
1027
1044
616
604
696
614
614
603
605
617
605
608
604
603
604
611
605
603
603
605
606
604
606
901
618
602
602
617
602
603
623
604
600
628
614
662
623
639
626
642
609
608
603
624
636
620
931
1004
746
603
603
610
612
603
604
622
604
606
611
876
611
604
609
607
682
605
605
605
607
605
607
602
605
640
624
638
640
631
656
608
651
639
657
679
688
682
681
681
689
678
680
681
677
686
679
673
644
661
624
653
611
643
628
687
678
682
689
678
678
681
688
679
678
679
689
684
679
1035
1027
589
684
624
606
608
611
628
636
617
637
615
603
625
599
604
594
625
596
594
617
604
607
625
615
614
603
591
614
609
595
615
606
625
592
601
614
598
594
608
599
583
591
585
592
589
588
620
587
586
696
609
596
644
631
657
600
652
669
661
666
653
650
651
650
650
655
660
652
651
656
659
650
653
660
649
647
583
616
615
602
597
613
613
625
626
581
580
580
593
586
600
633
633
632
632
671
687
626
674
719
639
624
620
613
672
663
670
656
659
659
658
655
656
661
659
634
650
682
653
656
660
638
616
621
625
673
624
651
632
651
632
629
619
642
626
646
738
604
606
607
1023
1053
618
603
869
644
608
662
677
637
637
638
630
636
650
636
630
623
631
636
642
608
933
634
615
654
662
654
651
653
649
620
603
628
641
637
727
827
655
699
632
614
632
632
661
647
646
647
615
613
624
632
606
737
601
605
689
680
1010
978
982
909
973
928
946
939
945
584
580
574
579
580
576
575
585
641
581
585
688
589
768
925
919
616
637
598
609
599
610
608
594
641
630
596
604
591
582
595
601
597
612
595
615
595
620
610
596
598
607
598
588
604
615
596
597
578
582
576
578
590
595
750
626
629
629
624
626
625
642
626
594
601
642
623
620
608
601
617
625
599
653
625
610
618
612
612
654
615
607
607
635
620
659
616
618
625
612
620
632
618
586
617
607
613
803
867
766
995
942
955
939
967
938
943
747
581
579
630
596
597
634
625
590
585
608
629
608
617
592
595
598
608
584
603
608
617
598
600
624
591
602
610
596
585
590
590
595
617
598
603
614
609
627
635
623
624
641
625
602
635
623
604
617
634
607
617
603
617
629
622
624
627
644
636
627
660
650
648
665
1042
1008
1013
1010
717
605
618
599
616
627
615
630
605
621
679
677
677
680
687
678
676
687
683
680
679
681
702
689
682
682
680
678
680
679
701
687
680
685
687
679
1078
1020
1015
1011
998
655
606
620
637
628
633
631
707
695
683
679
687
678
678
680
693
679
678
709
702
682
668
658
652
843
613
615
625
673
673
628
699
675
681
621
637
990
793
688
986
762
752
761
753
791
840
972
901
795
746
732
611
623
633
623
617
617
625
607
654
626
625
626
609
655
647
631
627
641
607
619
643
621
663
604
602
800
608
694
661
705
689
681
684
692
680
688
902
1011
975
965
935
971
883
985
607
632
627
643
628
620
626
638
628
637
668
639
610
625
640
638
622
623
644
612
601
613
603
891
744
607
607
782
778
638
687
680
1022
980
986
974
983
893
842
952
821
977
679
699
680
677
683
688
607
616
617
611
619
627
620
613
652
671
659
1111
694
693
690
679
678
696
664
627
664
691
678
677
676
684
675
678
682
682
678
675
678
688
678
679
679
709
681
682
683
693
678
680
680
688
1016
1011
1014
1013
939
952
852
607
599
980
976
806
687
595
581
609
664
665
651
653
649
651
650
650
664
636
610
611
665
611
890
757
604
593
588
596
613
597
873
577
629
630
597
632
583
1003
979
762
579
581
582
587
595
586
585
592
588
608
601
608
612
587
643
620
618
586
598
596
585
587
594
635
634
638
806
592
578
582
650
652
1067
1009
1015
1013
975
699
577
600
616
612
1011
984
582
584
598
581
604
609
599
619
607
630
619
614
601
619
612
644
596
582
620
613
615
597
617
621
626
624
582
581
582
603
605
593
596
580
581
578
576
582
577
643
724
579
599
636
626
609
597
587
606
604
592
619
628
602
601
606
633
586
627
617
596
615
603
606
625
607
598
617
608
615
603
608
592
609
604
605
604
625
599
585
621
634
635
618
588
670
579
601
657
591
590
620
604
649
602
622
645
605
589
596
618
618
613
619
646
651
658
663
650
649
675
651
650
653
680
659
670
657
649
652
651
664
1017
1017
1015
692
821
652
658
655
651
656
581
587
577
582
633
626
630
647
636
626
633
628
625
658
648
649
615
648
586
579
580
587
612
598
671
662
652
655
650
667
1050
1016
1013
1008
978
691
595
589
609
611
986
929
917
582
577
624
609
612
588
607
857
617
593
606
608
587
610
626
610
619
616
695
915
762
933
947
930
966
920
928
877
874
969
910
938
958
941
939
935
945
848
867
821
944
938
942
930
937
933
977
929
934
930
933
930
936
929
940
927
952
933
927
938
912
938
908
858
842
846
878
819
729
823
853
890
898
651
652
653
649
652
652
660
670
650
653
656
687
682
1051
1052
1052
690
623
622
615
712
663
663
657
694
641
620
662
623
649
621
658
654
627
607
969
623
612
630
608
629
625
643
624
627
616
607
606
604
625
604
602
640
612
613
928
681
668
605
681
718
649
661
618
616
674
618
667
614
611
668
660
658
663
663
612
611
625
649
628
668
632
657
635
616
641
632
604
603
607
614
605
630
603
605
603
675
666
668
852
703
662
706
660
653
651
641
646
621
648
637
646
648
659
638
618
654
673
652
625
658
606
654
625
631
622
635
615
611
608
605
624
626
643
621
628
639
652
626
618
621
619
622
620
651
958
896
997
719
660
656
624
647
659
653
658
664
658
697
662
653
652
655
662
650
656
652
650
649
656
662
656
651
664
659
653
660
679
653
609
608
628
648
625
607
983
988
996
932
913
991
975
1008
632
627
647
633
644
657
621
633
616
631
621
628
650
671
612
614
614
625
625
621
637
653
620
637
642
630
630
622
638
638
622
613
610
665
640
625
627
612
647
683
685
685
677
681
692
679
682
684
608
607
609
613
623
627
678
643
633
704
655
651
653
660
677
685
679
1093
1055
1054
1056
1010
630
600
578
655
668
655
656
657
656
651
652
661
652
651
657
665
653
649
667
650
653
652
659
651
650
663
657
651
650
662
660
654
652
651
653
657
1026
1011
1008
1010
966
672
665
665
651
592
643
605
633
650
618
635
642
641
649
637
638
634
642
656
658
641
634
645
655
627
665
630
633
631
636
682
681
682
681
679
687
1057
1052
1051
613
632
627
610
934
1009
1037
615
644
637
655
651
683
645
635
641
641
637
619
637
639
669
649
657
613
659
627
617
656
819
628
640
652
643
655
605
606
638
611
620
865
677
679
680
691
678
678
686
691
685
682
687
696
677
682
680
685
683
677
684
695
679
693
684
688
677
677
680
685
679
679
681
679
677
1068
1055
1062
1072
933
614
659
654
652
656
653
652
654
725
606
645
644
642
625
640
618
674
649
604
648
651
630
628
637
649
629
626
628
646
648
626
629
645
649
650
639
645
632
619
615
642
651
634
644
633
790
983
1033
632
632
808
718
641
632
640
640
634
646
648
633
656
625
651
660
645
611
942
922
645
607
606
616
603
637
670
650
643
612
623
1095
1061
1062
1014
818
975
924
923
607
732
981
981
630
733
581
588
578
659
680
685
664
680
652
657
580
580
579
598
611
597
628
603
616
623
591
596
644
610
578
577
859
577
608
579
596
629
618
605
708
659
650
652
667
649
650
652
660
648
648
650
577
581
589
579
579
585
580
580
616
599
627
583
606
596
591
611
610
620
594
605
627
627
627
643
626
627
587
591
580
579
585
586
953
590
578
619
593
605
593
621
639
603
579
583
614
603
616
604
605
606
605
603
634
608
605
603
607
629
646
630
691
682
604
615
642
613
640
646
647
632
642
613
615
710
646
651
651
608
617
662
696
656
659
656
690
685
682
681
682
681
676
679
698
638
639
647
638
627
649
640
646
652
676
678
685
681
678
678
1091
1055
1058
1063
962
688
678
642
640
653
648
653
642
628
644
605
625
636
685
644
653
647
640
643
609
638
634
668
642
620
631
655
635
651
680
696
675
677
685
683
1096
1059
1047
1002
636
580
578
581
578
593
588
608
609
598
580
615
585
580
593
609
623
611
611
584
648
632
629
652
661
627
625
635
626
625
627
606
616
664
649
656
652
655
620
585
604
597
603
612
586
937
960
939
965
835
950
860
891
941
580
617
612
634
622
600
599
623
611
626
632
629
635
655
623
604
617
586
608
631
621
609
579
580
583
586
590
591
621
607
611
608
593
596
612
614
957
953
614
608
602
623
597
627
608
593
613
604
628
610
613
627
613
618
613
612
604
598
610
608
613
615
619
584
617
595
606
1052
1029
1020
1004
1011
587
583
577
589
597
617
629
613
586
599
605
589
596
665
624
639
611
607
621
608
613
594
623
609
610
617
611
604
597
596
598
599
595
593
620
586
611
617
597
617
582
584
617
624
636
632
584
663
612
591
648
603
608
600
593
620
596
612
626
598
609
596
594
623
623
613
625
612
611
622
613
593
599
600
621
597
598
595
597
622
605
610
625
633
610
597
619
614
875
651
648
651
650
650
650
660
658
657
617
619
625
637
626
638
625
639
626
608
652
666
634
663
675
690
677
685
677
703
657
657
654
650
663
669
605
611
627
620
628
631
648
656
815
663
919
612
625
602
683
654
656
654
653
804
953
892
837
895
866
962
635
612
627
626
627
627
626
637
635
629
628
619
609
622
599
588
638
622
609
618
615
982
984
631
627
691
580
586
601
637
638
627
597
602
613
598
601
593
611
598
598
615
593
599
597
602
611
621
603
603
598
608
601
597
630
608
613
616
599
597
605
595
596
608
595
580
598
579
583
646
620
621
605
609
608
619
616
604
601
609
596
605
623
604
608
602
597
658
595
581
596
605
587
609
608
594
610
609
601
624
632
578
635
588
638
607
618
615
613
632
650
628
605
616
603
593
605
644
619
626
643
623
647
612
624
618
619
628
618
640
620
637
624
624
634
623
596
584
588
617
620
626
641
618
618
657
632
618
631
612
589
602
583
607
657
649
652
658
662
747
652
652
660
653
653
662
652
652
634
622
667
660
661
632
630
640
626
619
626
663
621
629
620
643
626
643
625
653
633
620
631
637
651
611
630
635
631
634
645
688
676
681
681
701
689
683
685
700
681
683
684
690
686
681
684
693
682
680
680
687
698
689
683
716
680
680
696
687
700
721
682
688
1085
1062
1050
1052
1057
738
618
662
658
663
673
666
663
718
701
691
780
703
728
760
699
697
682
670
702
767
731
720
713
671
658
651
664
657
655
651
653
654
655
615
637
639
662
630
789
676
680
695
621
637
613
637
628
651
649
636
631
634
631
624
684
694
633
644
671
627
643
647
621
629
627
626
622
643
636
641
635
635
612
661
657
639
639
639
667
717
692
711
702
680
677
677
690
678
680
679
684
685
678
687
677
681
678
679
685
836
1007
716
663
662
657
659
697
685
682
665
685
663
602
602
636
622
629
634
634
610
672
670
656
686
666
668
654
691
695
676
681
686
701
680
680
678
684
630
617
628
645
640
652
655
634
606
610
608
613
651
636
607
674
642
650
644
671
619
640
624
633
617
644
617
676
730
659
656
651
649
640
641
648
633
656
661
681
679
678
692
679
679
678
686
679
678
678
718
679
687
688
690
699
680
679
718
684
679
685
687
1103
