1955
1975
1913
1783
1817
1820
1764
1756
1838
1212
1210
931
1171
1366
1310
1334
1238
1266
1237
1122
1019
1113
1334
1379
1246
823
823
857
890
1171
1093
933
960
953
970
929
937
1119
839
1066
1042
792
756
689
686
692
699
745
688
656
623
663
632
644
664
640
649
625
653
651
659
625
648
653
660
621
616
636
644
638
831
615
641
626
665
679
1100
1062
1059
1055
1038
635
636
645
643
648
635
634
668
662
697
659
654
626
651
624
639
653
649
652
628
642
651
695
690
690
677
691
694
690
687
689
684
688
682
704
709
1068
1054
1060
1055
899
679
701
667
659
644
689
668
652
651
628
637
632
658
663
655
665
651
682
670
671
660
662
653
666
610
641
653
618
619
622
606
650
651
626
617
626
613
646
615
625
611
627
625
677
653
698
718
721
687
684
718
681
638
638
634
656
652
902
1098
835
1077
983
1086
951
1107
1036
895
1074
956
980
687
611
640
642
673
712
902
690
692
620
683
674
775
749
699
687
676
663
726
716
729
608
669
629
705
698
698
691
653
663
667
642
667
654
639
625
666
643
644
626
631
984
1001
977
856
991
984
919
1008
996
996
995
993
979
965
989
987
985
641
671
665
654
641
643
665
626
639
629
646
657
647
648
698
670
650
638
652
658
673
648
668
621
641
633
624
661
636
626
663
652
645
652
655
626
654
655
673
644
653
654
668
656
672
661
676
671
674
660
678
662
673
661
680
660
665
682
625
612
625
615
630
679
721
665
660
678
954
613
613
634
628
651
648
632
644
691
659
663
726
958
631
679
650
681
696
757
1091
819
852
851
920
785
855
850
1286
1298
1284
1283
1225
749
709
754
743
718
947
682
682
733
732
697
752
701
654
621
618
625
877
618
1035
718
711
688
705
685
648
680
638
650
650
865
625
634
614
615
766
635
679
661
862
669
681
687
665
671
675
683
740
716
667
638
660
695
616
692
678
671
663
624
648
888
994
996
1002
992
670
653
633
672
646
650
754
736
657
630
640
615
860
644
620
682
612
631
687
671
611
678
663
646
693
643
667
655
614
618
602
617
672
749
682
702
682
721
645
702
694
616
610
620
904
942
861
983
990
979
984
991
629
806
755
683
694
692
701
774
681
625
618
608
648
653
867
616
700
693
690
709
636
628
629
669
618
768
624
700
657
675
655
657
914
694
700
1098
1061
1058
1057
1017
706
979
1014
918
645
663
632
730
692
651
685
650
676
765
694
712
677
706
710
639
658
656
663
645
650
686
648
649
677
616
675
631
653
727
621
619
620
617
653
714
671
660
649
608
656
642
625
663
615
641
617
745
697
706
719
692
691
711
707
630
673
612
642
617
693
637
628
618
624
616
671
804
622
621
622
620
629
985
987
1017
1001
1020
1004
931
665
670
678
733
690
647
634
644
621
616
695
712
685
705
693
692
641
616
613
659
654
646
643
642
699
631
641
670
1037
1081
1051
1030
620
608
676
733
694
657
654
646
639
637
658
648
641
668
667
621
693
704
694
733
680
736
661
679
678
652
615
639
605
663
631
671
654
631
682
646
653
675
700
641
706
683
693
650
651
699
608
696
693
703
690
664
686
711
682
696
691
707
683
697
688
704
685
712
696
722
695
682
728
671
652
654
672
683
678
642
640
648
686
640
651
644
651
666
648
629
658
666
664
625
654
637
615
658
657
650
653
628
629
625
619
628
627
673
660
621
632
629
617
659
664
688
671
670
670
672
665
661
661
670
686
749
687
670
679
671
674
672
674
671
677
658
671
671
696
678
671
653
664
666
683
663
706
673
675
666
664
689
620
620
637
669
649
662
761
1147
1116
1006
628
653
639
662
664
664
841
609
842
926
902
1014
991
624
621
653
655
638
671
648
665
673
643
674
641
632
651
660
681
639
651
669
654
679
646
605
617
608
618
608
626
714
661
687
715
685
707
689
698
688
633
635
664
631
636
659
625
638
647
650
684
640
663
666
682
681
663
684
693
688
696
681
692
690
693
681
1087
1055
1061
1054
909
690
694
644
617
607
630
607
678
671
621
617
632
646
652
648
677
661
662
628
631
616
622
641
619
935
907
780
897
957
768
962
769
897
625
617
608
848
681
715
691
690
692
691
694
685
694
700
691
692
693
702
696
685
691
703
685
708
699
705
692
691
691
708
681
694
711
705
682
693
686
1063
1062
1061
1058
990
991
977
999
884
614
623
626
614
616
622
613
616
621
618
604
619
615
659
662
663
646
683
641
648
647
645
645
643
643
655
654
662
646
666
636
669
638
644
628
670
699
712
684
685
671
663
663
670
677
674
664
664
660
664
655
665
655
682
681
664
653
675
653
679
657
667
659
666
663
662
653
681
667
657
667
667
604
619
606
617
619
615
613
616
604
934
684
694
703
625
624
656
665
661
658
665
653
683
675
666
653
674
652
666
657
657
666
1110
702
789
635
672
695
673
821
1001
860
694
617
629
682
613
664
685
679
663
637
643
662
616
662
668
661
659
676
672
640
644
659
649
641
666
628
682
636
654
645
643
624
673
650
658
646
643
645
611
640
616
648
655
651
656
658
645
654
639
693
649
669
653
667
685
699
695
696
683
702
696
696
680
708
695
691
712
736
626
653
635
642
651
659
668
648
643
654
639
621
605
633
666
617
650
615
607
638
604
616
605
703
1006
1031
615
645
946
1013
640
710
617
653
648
639
639
649
620
647
644
660
610
656
646
675
613
647
616
686
624
648
636
686
702
695
694
1074
1058
1053
1014
637
636
648
615
636
627
662
643
645
673
673
661
677
682
672
676
662
672
663
700
670
673
670
668
661
688
682
671
660
673
670
673
663
674
693
661
675
623
626
620
659
749
664
656
690
655
666
706
675
693
666
681
673
672
671
672
664
678
659
629
619
660
634
624
617
637
613
627
635
631
616
632
613
626
613
637
616
622
631
640
614
651
611
640
652
720
698
692
609
668
657
656
640
652
632
666
620
654
609
619
686
691
699
694
683
692
689
706
684
703
728
692
684
696
697
694
699
1101
1058
1054
1054
1056
659
616
630
656
686
700
694
695
682
698
692
692
682
695
697
697
682
693
694
683
695
692
694
692
683
694
702
672
672
682
662
674
663
678
670
613
634
620
631
641
701
667
660
696
706
692
710
694
700
681
692
695
688
695
683
701
682
694
693
704
694
691
682
707
683
627
651
640
669
667
634
654
625
634
638
615
652
616
626
627
917
698
696
685
690
692
635
618
644
648
653
646
649
639
659
652
645
670
635
635
648
651
668
617
638
652
656
623
656
653
672
684
662
652
665
654
626
649
682
644
661
656
681
654
668
977
997
896
661
727
629
682
694
680
718
700
693
693
691
684
694
681
699
694
693
684
695
686
691
1019
655
643
665
646
642
610
621
606
680
641
621
625
633
676
674
673
684
682
675
673
674
669
668
680
660
664
672
662
657
689
663
664
664
662
673
669
680
664
661
676
683
665
683
707
1088
1067
1062
1054
912
811
695
697
695
690
692
655
618
617
642
630
628
630
663
626
668
623
663
721
665
1014
980
978
976
976
986
1008
951
657
615
628
607
618
612
616
611
735
609
616
626
626
608
663
609
621
614
634
617
616
622
665
692
732
715
710
680
695
698
690
680
697
697
695
701
659
651
665
625
652
654
650
649
644
625
637
622
662
636
639
643
694
627
628
629
695
659
660
630
627
615
621
613
627
653
688
617
635
643
663
656
640
648
655
655
661
625
646
636
650
667
666
654
649
651
668
660
661
658
633
648
656
654
649
658
704
689
690
695
698
700
683
706
690
691
615
645
626
627
631
616
629
624
628
626
625
635
625
615
624
629
617
634
615
629
632
641
626
627
618
633
616
645
617
626
615
622
613
644
666
677
629
633
645
638
690
626
648
636
625
624
626
637
623
653
605
618
618
619
653
655
635
645
635
691
657
649
624
652
687
690
690
693
1062
1063
1058
1059
1038
647
664
671
658
672
673
665
688
668
670
684
666
666
668
672
657
787
683
739
723
659
638
684
624
635
635
648
687
692
691
696
647
647
655
646
643
662
673
648
651
657
636
681
735
705
694
691
694
696
652
636
655
616
628
621
678
624
625
643
668
663
678
665
674
660
696
662
674
664
680
669
664
680
659
672
673
661
672
660
675
629
646
660
675
653
675
660
667
668
661
703
689
680
700
691
693
685
693
694
692
683
709
714
701
695
682
706
692
692
694
703
693
694
692
700
1097
1066
1017
1013
942
632
626
619
627
601
625
628
624
622
627
615
626
633
622
610
604
635
617
604
633
614
624
610
639
613
624
609
619
598
610
603
615
630
642
638
634
629
636
578
618
586
614
612
602
614
613
581
633
677
637
625
644
641
825
647
680
646
622
638
672
616
670
646
627
643
635
622
642
612
662
622
623
633
614
625
628
661
673
665
658
665
658
636
626
641
622
626
630
637
634
667
624
625
695
648
618
624
635
659
656
651
648
646
719
695
683
695
694
692
690
698
699
650
650
667
658
653
648
621
654
656
640
674
677
655
618
638
712
618
617
644
679
664
796
652
708
670
663
681
665
678
675
679
669
666
686
692
644
652
649
651
643
663
656
651
632
699
675
658
685
649
641
659
609
637
611
624
635
627
617
658
617
628
624
624
627
624
619
694
617
748
664
668
659
667
669
662
689
742
605
615
620
619
609
616
606
699
684
695
693
694
687
707
682
695
699
707
692
691
685
694
686
690
1095
1016
1013
1011
822
707
669
661
661
656
670
669
664
654
681
648
631
619
619
625
631
638
629
640
663
673
673
669
655
661
655
675
657
654
705
605
645
650
612
633
642
612
629
616
628
612
658
621
638
621
619
668
673
663
637
648
665
634
666
650
665
653
651
690
659
634
655
645
682
634
675
656
651
645
651
633
662
643
657
646
620
601
614
650
674
643
661
663
625
705
668
659
669
717
645
667
627
612
667
658
668
699
664
687
698
685
695
700
700
682
692
695
694
681
690
690
703
682
698
701
692
680
694
696
1073
1012
1009
699
676
653
666
656
683
682
670
675
667
654
669
655
667
685
666
664
663
671
674
663
665
667
654
666
657
677
652
667
656
665
654
661
678
658
1056
1013
1015
1012
996
884
663
654
672
655
647
645
951
990
1007
860
976
915
750
699
702
701
694
694
683
695
695
697
682
697
709
686
693
683
702
689
692
1106
1059
1058
1014
905
616
655
644
627
611
641
627
649
630
621
628
633
612
624
634
624
618
641
617
634
610
718
693
658
673
665
679
673
653
694
654
655
655
636
650
649
642
683
641
658
658
898
996
1002
901
993
1001
994
921
791
708
615
629
678
613
622
694
700
681
692
684
703
682
683
695
684
637
674
630
641
630
622
625
625
616
674
660
687
656
643
639
635
653
634
672
631
683
651
657
629
622
631
629
637
630
616
658
623
619
628
620
625
625
649
661
970
613
620
765
788
896
938
901
907
878
996
981
1123
1107
1362
1008
999
907
894
960
902
974
980
739
667
661
673
665
672
693
666
681
672
659
668
655
659
667
672
666
607
630
613
637
664
1035
1029
620
641
654
612
619
608
621
605
613
606
621
610
668
662
658
639
662
616
634
626
614
619
620
603
657
638
667
663
649
660
643
655
655
646
651
639
675
616
660
667
651
639
673
668
666
647
653
656
637
629
635
644
639
645
617
610
619
609
622
620
619
646
617
630
629
612
628
699
681
692
692
690
1070
1056
1063
1023
1012
893
965
896
848
961
945
954
951
941
954
941
942
872
622
612
610
621
602
626
597
624
643
633
639
655
634
642
646
643
597
641
618
612
715
587
583
591
581
594
579
941
665
598
602
594
651
640
633
603
612
599
600
589
599
601
660
617
612
614
599
597
603
599
591
615
591
648
590
604
592
600
588
599
591
599
597
601
588
599
590
596
586
621
597
601
613
599
605
655
594
596
607
592
683
665
656
664
655
679
652
666
660
665
654
665
659
670
658
671
671
666
654
680
653
692
659
671
664
663
658
665
655
667
670
1020
1013
1011
1011
1016
652
671
664
662
661
667
653
662
662
665
581
656
629
628
624
639
626
633
628
616
643
639
627
638
639
647
644
649
647
646
635
648
663
659
599
591
621
593
598
605
597
617
647
593
635
636
622
634
645
615
653
659
683
617
610
620
655
654
649
645
649
646
643
638
657
620
616
619
642
609
633
613
611
629
612
603
628
606
620
618
616
652
643
631
631
640
634
649
655
687
679
637
711
683
711
687
702
696
690
684
708
682
701
694
700
691
691
686
715
683
656
644
635
645
654
631
615
633
668
641
626
646
668
649
654
618
671
918
681
662
706
634
636
619
696
688
668
698
695
695
630
615
675
626
669
632
663
653
677
656
645
667
671
638
636
618
652
649
652
655
649
659
649
644
629
653
652
664
659
689
650
651
993
876
988
986
985
980
858
631
654
660
631
631
644
653
669
632
643
661
657
692
617
616
614
618
616
640
663
650
624
621
616
627
626
663
632
692
626
631
658
633
623
652
694
692
670
691
644
711
634
624
649
645
654
674
640
621
625
656
645
636
694
691
685
694
696
682
693
697
690
695
684
708
729
689
1035
1020
1026
1013
615
600
613
629
616
841
662
667
610
630
657
667
626
605
602
648
623
653
642
638
627
643
639
640
628
659
657
663
664
662
651
661
662
664
660
662
653
1058
1022
1033
1017
598
685
621
641
643
643
669
675
664
666
602
601
596
597
600
590
657
599
645
660
647
638
657
635
642
652
635
648
653
651
646
656
644
646
634
651
637
649
649
599
591
596
587
599
936
663
673
695
700
690
694
696
696
716
698
685
699
696
685
629
641
656
650
650
663
660
642
657
641
652
668
649
656
661
642
653
644
656
1007
952
937
942
951
949
934
944
651
955
680
676
653
692
685
712
691
695
693
702
682
694
683
719
700
694
683
701
689
692
656
683
656
667
657
667
661
664
1001
1017
1012
1013
672
644
619
632
603
653
640
617
623
625
613
628
645
652
651
633
640
682
606
651
642
652
640
698
608
618
608
621
651
628
635
645
647
634
657
648
682
649
670
674
663
647
696
624
608
612
617
611
618
627
649
625
656
651
647
627
627
685
697
617
675
639
667
665
663
621
630
692
682
693
701
692
691
689
693
694
683
744
631
618
616
618
618
631
711
618
616
620
664
616
637
612
622
643
680
649
657
662
666
634
643
660
651
642
661
638
653
658
640
693
695
702
693
680
695
623
675
655
646
635
648
628
650
654
642
603
621
613
611
646
695
648
659
648
822
622
635
639
660
614
643
658
703
654
636
636
670
652
654
662
649
653
653
641
678
691
644
647
664
642
660
644
648
648
681
638
656
655
667
661
666
674
678
701
686
662
694
655
682
682
706
652
631
624
660
644
659
658
641
680
643
616
619
647
653
623
639
656
639
661
656
661
622
660
629
644
626
615
635
618
652
623
670
667
613
625
676
608
682
664
686
664
663
648
1020
975
973
897
982
974
610
661
658
666
621
662
623
660
706
713
694
681
694
699
664
665
664
656
666
1052
1015
1011
1014
600
590
604
589
592
587
594
614
652
636
655
637
642
634
642
705
645
668
648
690
640
629
667
599
624
613
602
581
588
601
591
579
610
582
680
671
661
661
664
1014
1015
1014
1024
596
676
618
634
625
624
645
622
631
610
601
635
614
633
595
631
734
609
597
590
595
593
584
589
596
599
589
585
593
591
584
589
590
582
589
591
600
589
589
614
590
580
590
584
598
668
679
592
601
592
609
598
972
982
978
599
588
616
635
628
639
623
611
613
623
598
629
626
617
620
597
624
624
613
620
584
668
655
667
653
1015
1014
1018
1014
897
662
655
664
664
662
681
664
671
669
659
660
664
662
632
615
635
639
630
634
629
625
633
616
626
615
593
627
623
611
600
616
631
647
634
628
599
617
625
623
635
621
618
915
666
1034
604
582
611
589
588
591
590
580
590
655
683
656
589
588
590
633
636
618
639
625
626
619
609
592
622
629
624
629
618
624
649
608
597
578
676
1055
1021
1012
1011
1017
911
660
667
673
656
717
657
655
626
621
619
659
614
624
627
639
607
615
586
624
621
622
660
593
663
653
666
662
675
677
673
656
664
655
661
667
657
1015
1013
1016
929
593
927
967
797
651
639
626
628
626
610
640
611
629
702
617
621
616
639
619
640
647
644
647
622
624
621
607
625
611
615
603
594
589
621
643
623
622
588
633
632
647
628
959
936
949
582
617
601
594
598
590
578
615
640
642
659
659
672
694
687
693
682
702
717
690
691
693
683
695
682
702
630
693
685
701
1104
1063
1055
1060
948
957
611
608
622
669
660
665
654
655
664
664
654
681
654
667
668
673
662
666
666
701
632
620
641
612
847
964
932
942
900
939
943
587
632
638
639
616
631
602
593
583
591
593
581
592
585
594
632
599
593
668
656
664
660
599
682
614
651
651
647
637
641
638
589
579
647
668
665
656
672
673
656
587
628
620
587
591
583
642
626
616
652
670
691
637
642
659
662
672
643
629
652
660
638
644
677
628
639
631
639
632
651
626
643
635
631
626
687
627
591
585
593
581
597
579
623
606
582
595
610
582
591
587
598
590
586
592
590
628
642
631
683
617
639
624
617
628
615
614
645
585
641
641
638
628
639
628
642
629
631
641
640
630
641
631
638
641
638
635
639
630
644
629
634
655
633
641
584
591
636
589
589
683
666
597
600
605
579
603
587
639
634
635
645
660
676
659
665
662
668
660
660
670
664
653
659
662
653
602
637
591
592
593
590
593
580
596
582
593
580
592
581
589
593
853
685
711
697
691
695
710
673
711
653
642
648
605
613
619
607
617
644
648
682
663
682
668
657
674
659
665
650
656
682
695
684
688
677
701
1091
1057
1054
1058
1052
664
662
706
701
686
693
691
683
691
683
696
691
691
692
706
609
619
607
621
655
667
642
657
659
630
625
674
644
656
645
653
644
694
683
702
681
1062
1022
1013
1008
595
581
593
643
628
673
640
657
603
641
645
654
642
648
638
651
643
644
648
676
640
645
655
646
635
656
633
652
639
640
644
633
645
636
644
650
643
643
604
589
598
596
643
663
658
672
657
925
937
967
588
590
628
594
584
594
583
591
584
606
581
590
605
587
595
581
593
591
589
602
607
583
592
583
664
678
666
669
655
1029
1011
1013
589
598
610
627
620
630
598
642
639
640
631
635
653
664
668
664
653
691
664
662
652
679
658
670
618
595
614
621
633
619
639
620
621
625
619
598
616
616
658
662
617
630
608
631
597
637
601
617
602
613
616
624
951
963
948
583
597
594
588
592
640
594
594
591
593
586
583
626
580
627
592
589
589
615
582
592
619
636
584
604
636
640
624
635
583
618
626
603
627
875
583
636
656
932
961
728
590
743
583
593
598
586
594
617
635
636
638
643
599
628
634
615
680
674
663
654
665
654
664
688
667
661
655
666
617
622
647
632
625
687
620
626
665
661
663
660
689
660
693
696
690
690
712
690
706
685
694
607
614
604
653
638
661
605
616
611
621
607
667
646
638
624
646
626
626
618
634
622
653
873
639
635
668
667
664
654
690
665
684
782
670
675
665
656
662
652
672
652
673
658
667
701
657
643
677
641
668
671
688
657
667
657
669
692
690
705
688
1018
1016
1016
1024
976
663
654
667
656
673
656
596
590
602
588
606
582
593
581
972
951
943
943
946
937
976
973
590
591
588
587
634
607
615
631
634
603
622
632
613
633
624
621
618
622
630
638
642
649
624
600
593
602
622
630
629
628
627
616
681
625
626
633
687
667
678
664
668
672
663
695
664
675
670
693
671
669
666
659
616
623
641
622
633
634
665
982
995
929
921
985
995
997
926
650
644
660
681
685
708
701
680
692
683
714
693
694
691
701
683
695
683
710
684
699
688
1113
1055
1027
1012
1007
651
673
650
666
655
676
651
677
655
687
663
662
623
626
637
621
641
630
650
622
629
613
597
627
609
607
596
633
619
619
616
637
615
625
631
625
625
630
611
624
594
620
630
620
607
627
636
635
668
637
644
639
661
663
653
663
668
653
665
663
669
661
668
664
661
654
684
633
617
647
623
627
638
622
624
623
623
627
606
619
618
616
612
616
790
964
927
902
915
946
877
820
940
947
944
921
941
876
950
832
947
886
884
588
593
581
600
579
593
579
589
585
591
583
592
582
589
595
584
591
603
998
664
663
684
666
663
662
668
651
664
664
668
673
664
665
665
653
663
655
669
655
673
653
664
660
664
653
672
664
663
665
662
655
662
654
696
1067
1029
1014
1016
723
795
651
664
663
675
654
667
655
660
653
665
665
666
658
673
654
669
655
676
654
657
669
733
616
623
623
625
657
647
636
624
625
623
588
658
630
611
638
628
625
592
651
601
931
954
601
631
611
620
649
618
627
604
625
664
663
664
655
667
677
663
663
666
653
664
653
600
589
599
631
627
622
613
626
624
602
656
677
1016
1013
1012
1014
989
968
581
595
593
643
643
624
628
630
595
640
602
625
619
633
623
626
616
624
615
636
633
624
629
626
614
624
616
636
644
620
624
626
629
637
616
633
625
635
617
623
623
634
604
676
662
695
648
665
640
683
645
701
659
652
674
654
654
663
703
677
664
660
654
650
650
659
617
635
618
663
652
629
664
680
663
673
665
684
631
626
659
652
637
623
875
720
694
701
685
707
689
670
694
692
690
683
695
705
689
689
692
695
694
689
699
693
696
682
697
692
704
692
693
703
681
694
616
636
618
618
617
625
646
650
884
683
699
689
694
622
637
658
646
625
646
656
667
657
661
656
672
638
695
703
708
689
681
693
698
690
691
693
684
694
687
692
691
683
690
1066
1057
1016
1017
1010
645
646
677
621
639
610
626
613
653
654
686
660
692
677
665
659
677
655
666
656
672
670
659
680
663
654
668
656
646
638
647
634
634
634
637
681
1071
1063
1061
1064
1041
709
707
687
728
692
714
692
718
730
658
702
645
654
703
693
708
710
680
753
689
683
678
645
646
647
641
631
653
643
638
671
657
649
647
660
653
652
626
647
659
630
613
627
615
625
651
667
662
613
627
643
629
635
691
669
623
670
634
649
673
664
651
660
613
662
617
687
671
662
657
671
660
671
660
677
625
652
651
691
666
709
810
653
690
682
675
664
664
680
682
656
652
720
651
646
645
656
648
649
699
685
643
687
644
651
722
710
682
694
685
696
680
697
708
633
608
614
612
617
606
985
979
982
918
860
935
983
985
989
953
981
994
901
884
1008
929
953
942
950
584
601
579
588
617
627
618
647
612
1057
1018
1017
995
855
651
667
694
621
604
662
661
629
637
627
639
624
584
672
667
662
663
654
589
588
593
599
597
600
599
589
604
589
606
604
605
592
613
593
595
653
607
598
600
594
607
647
647
665
726
795
670
718
696
683
710
688
628
620
690
656
660
644
656
618
614
605
619
611
628
674
702
639
622
647
615
626
659
632
648
638
669
625
628
623
626
613
626
616
626
651
682
682
629
644
652
618
656
634
635
640
661
649
647
653
644
623
617
629
665
661
620
639
665
654
646
671
655
640
652
646
648
650
660
662
647
636
673
633
657
634
635
623
651
626
836
723
670
652
665
663
675
654
664
680
693
683
694
698
716
687
725
684
705
697
700
690
711
703
696
684
702
715
690
696
703
694
693
694
699
1030
1019
1011
1012
1016
624
634
684
648
643
643
646
649
651
638
661
643
670
664
648
638
666
636
644
657
635
641
655
642
636
640
637
660
656
710
693
673
642
651
647
652
641
654
616
667
725
670
672
669
702
733
704
675
674
685
616
628
619
616
607
703
693
692
692
696
692
710
638
664
660
701
697
695
681
690
693
702
688
697
692
1059
1058
1055
1053
702
718
652
698
632
690
629
651
685
662
697
696
693
719
696
682
697
697
691
685
699
689
666
619
706
616
627
636
628
646
628
614
629
618
620
629
624
615
626
615
626
623
623
624
624
665
716
908
1005
1029
747
710
608
618
613
619
632
686
605
780
696
693
684
695
692
696
683
689
702
684
695
687
705
691
697
696
701
684
1103
1059
1022
1033
680
879
936
990
746
585
866
937
977
674
596
591
635
640
630
694
631
640
642
630
641
629
641
637
638
659
649
635
651
630
634
638
628
642
627
641
589
587
589
590
618
596
585
606
588
595
598
627
604
648
652
669
652
687
641
653
615
618
836
923
955
977
996
974
982
980
988
990
970
919
952
939
954
954
949
835
945
928
923
938
945
938
946
946
948
935
592
592
581
676
655
688
653
659
682
663
656
651
614
622
622
631
593
605
590
644
634
621
639
627
648
689
644
639
638
637
657
636
648
658
650
644
655
636
677
675
673
675
666
668
658
670
675
667
663
663
655
665
684
703
704
680
706
718
692
629
692
662
711
638
664
659
653
660
681
647
634
638
724
672
613
624
654
655
666
644
652
654
636
660
659
645
690
680
704
683
692
692
697
701
694
685
673
656
665
656
669
652
594
648
621
629
653
628
625
629
621
616
614
615
656
639
628
630
627
620
627
614
664
622
622
624
628
621
641
605
622
609
616
645
634
608
615
606
643
610
623
620
645
607
679
646
652
671
775
698
693
668
684
606
652
654
615
619
666
662
619
607
675
664
643
648
672
646
663
650
618
605
636
625
629
666
625
614
635
645
619
636
624
655
678
655
674
648
651
680
631
610
620
613
624
661
633
722
698
662
665
632
647
646
641
802
664
651
637
710
679
697
686
721
693
684
679
692
698
690
690
703
688
683
695
1081
1015
1013
1010
841
713
667
661
663
664
683
656
669
668
664
654
665
667
665
659
662
665
665
659
671
653
670
654
679
652
676
661
662
666
665
666
665
654
668
662
1053
1017
1021
1018
871
713
673
654
665
694
658
942
946
941
917
819
907
933
845
587
593
580
615
587
608
599
593
654
653
632
642
648
674
637
652
627
640
635
637
596
600
584
598
581
597
633
635
628
653
636
640
629
678
662
676
659
662
667
666
663
665
660
668
662
666
666
679
656
664
658
672
666
670
668
654
669
666
681
666
663
605
633
631
620
605
638
740
666
654
669
670
656
669
606
637
636
618
631
621
622
625
631
619
622
623
641
621
626
622
645
622
625
616
660
624
628
625
628
614
626
614
638
615
623
624
631
612
664
636
696
673
650
650
651
708
695
682
692
683
709
694
695
692
692
687
695
686
698
682
695
698
693
680
689
693
696
684
692
692
696
682
695
1058
1061
1056
1014
869
661
653
668
654
669
667
669
663
660
655
665
657
666
673
663
656
669
654
664
653
673
656
666
657
664
654
664
664
662
653
656
666
665
654
675
1017
1013
1013
848
666
675
619
630
639
760
949
925
907
881
825
915
802
736
854
940
949
596
592
582
601
581
593
592
586
591
584
592
580
590
586
598
638
615
634
629
621
641
591
583
644
583
608
627
604
594
590
582
634
590
599
625
618
619
619
615
623
611
621
604
650
586
664
653
664
665
677
661
681
714
664
653
671
654
1048
1013
1011
962
859
673
671
657
637
641
632
636
646
621
648
617
637
639
628
585
617
604
625
627
627
612
642
634
616
629
636
601
667
634
630
628
627
627
640
615
626
629
612
587
612
602
604
596
609
613
896
655
668
652
676
655
665
654
664
664
662
663
662
651
664
688
668
662
663
653
668
655
674
662
657
665
655
669
664
695
661
663
654
665
659
663
1013
1012
1012
1012
1016
662
666
669
669
658
671
666
664
661
674
652
667
657
675
666
656
671
655
667
670
672
666
661
654
679
657
667
673
666
654
667
655
660
656
672
1031
1019
1010
1019
1010
826
970
878
944
747
638
694
600
593
578
594
586
590
589
599
580
592
608
622
671
742
656
664
659
662
652
668
659
683
652
668
659
665
654
1056
1010
1013
1011
1004
644
634
609
661
653
633
665
660
663
663
656
688
664
663
662
674
678
662
655
667
656
665
665
670
655
668
666
663
652
667
675
664
654
679
656
665
1024
1014
1013
1010
1003
625
613
614
961
977
602
578
608
594
593
600
588
582
607
588
599
591
597
584
602
666
634
611
624
641
622
622
603
627
609
642
643
612
613
622
626
617
653
609
622
625
635
642
591
988
1017
642
622
665
600
581
591
592
587
597
598
622
615
625
633
610
632
627
659
622
671
663
674
655
664
653
662
664
667
675
663
656
666
1053
1023
1012
1015
927
827
632
617
618
644
630
679
643
632
614
628
606
610
598
612
613
611
631
619
617
640
622
620
614
604
622
621
629
662
675
660
676
673
654
660
654
664
1043
1017
1026
1020
1004
903
654
665
659
677
612
607
640
621
615
632
642
647
636
622
630
635
617
621
849
825
853
953
605
620
625
631
591
658
689
629
646
618
662
623
619
613
620
608
596
605
598
606
625
640
644
660
651
596
584
608
641
632
687
657
669
718
654
668
627
657
669
661
699
631
645
641
655
637
661
663
679
619
618
619
620
644
617
619
626
621
631
610
611
602
618
606
619
613
617
615
637
668
670
666
722
661
667
661
669
661
680
655
709
699
640
642
629
643
651
612
653
687
620
623
657
649
654
624
646
653
867
828
974
976
937
937
940
940
877
946
884
882
813
950
939
940
867
745
801
952
952
951
951
926
923
927
929
942
951
954
947
953
950
950
947
902
958
601
587
592
656
896
954
834
590
638
741
591
595
594
584
605
786
594
670
665
655
672
674
660
666
602
602
599
629
608
707
652
685
635
636
635
627
596
581
589
600
595
593
791
627
704
930
970
583
607
583
590
686
648
669
626
635
630
641
635
636
656
642
646
644
630
635
637
643
646
635
657
640
645
645
645
634
647
631
602
594
600
588
601
663
933
937
872
602
624
707
637
582
635
609
613
622
659
669
675
658
664
655
667
662
627
635
680
588
647
609
657
607
635
613
620
610
609
653
642
595
648
609
618
711
595
581
600
581
606
653
627
601
676
653
665
667
671
659
663
661
662
653
664
692
657
664
664
667
662
664
682
661
658
669
655
663
655
672
654
666
658
662
664
655
1060
1011
1012
914
653
612
593
666
665
657
662
676
658
699
645
644
673
628
666
662
642
676
652
649
642
662
643
670
638
669
647
658
666
655
669
664
693
707
732
699
1091
1063
1059
1053
919
636
617
653
907
965
975
626
633
624
640
657
640
648
656
652
638
660
643
677
663
659
643
668
609
653
640
652
889
624
668
641
668
633
693
699
1058
1055
1055
729
651
1012
1025
632
685
730
607
634
654
662
794
913
984
951
893
985
969
949
786
865
822
743
599
628
633
599
613
653
626
610
640
636
609
616
626
629
644
613
630
597
619
627
644
616
627
607
624
635
621
609
621
656
687
635
667
657
656
666
668
635
645
716
693
690
627
624
613
625
625
616
640
686
627
624
634
634
923
702
708
684
693
683
705
685
693
684
707
696
627
644
641
650
649
688
670
669
692
692
681
690
694
682
691
678
696
690
693
694
714
681
1102
1058
1064
1068
1042
659
658
624
663
664
689
691
698
681
692
680
702
682
696
707
694
692
690
685
711
682
700
693
701
693
692
686
706
683
699
685
703
686
706
1101
1061
1057
1062
984
910
693
652
653
632
653
665
619
643
629
635
635
650
660
633
656
644
651
679
653
666
656
736
675
658
665
652
606
639
650
638
656
638
640
589
597
581
593
579
600
587
660
667
652
673
657
667
665
663
662
661
669
665
657
663
675
657
679
668
672
662
664
677
664
657
667
654
666
658
678
659
667
657
664
663
1024
1014
1011
1021
1015
663
676
699
679
664
653
660
673
669
671
658
661
666
664
673
663
652
670
655
665
658
677
653
666
656
662
653
666
663
666
657
668
653
663
650
1021
1012
1015
1017
1018
626
640
590
653
646
650
644
644
638
659
638
660
636
685
640
645
636
650
637
665
641
647
642
630
623
620
614
634
610
629
636
621
613
624
628
657
665
1028
1021
1018
1011
837
638
621
623
618
666
657
703
666
661
660
684
655
664
662
674
650
663
653
667
652
661
677
652
664
658
668
663
664
618
620
609
651
614
623
652
613
644
642
628
668
634
627
662
688
695
692
692
694
715
686
1022
983
884
913
1015
988
983
988
999
992
995
998
944
637
583
629
630
609
655
631
636
617
647
635
631
600
614
617
617
619
626
616
627
621
591
617
620
607
622
615
636
631
633
624
631
603
601
607
640
599
631
615
613
618
629
624
604
607
615
616
598
639
657
629
606
593
623
646
635
661
694
600
596
631
640
627
727
675
681
673
665
668
665
657
669
663
662
701
703
1019
920
693
671
665
666
649
654
646
657
646
658
638
701
687
1093
1057
1057
1055
1053
921
684
694
694
686
694
687
703
701
695
691
695
692
692
685
643
671
649
657
637
632
630
661
619
615
608
654
635
621
620
620
610
639
606
622
616
605
618
608
619
611
617
614
614
615
703
656
664
701
655
692
667
666
665
731
662
664
656
674
655
668
618
618
604
678
625
650
636
649
647
663
652
667
641
628
624
661
651
656
616
649
627
643
650
660
631
642
646
632
626
896
996
1009
896
654
626
654
626
624
617
634
625
627
657
635
649
655
638
697
646
674
672
664
635
660
649
640
660
672
654
651
634
649
643
675
650
661
659
661
642
671
686
629
663
664
645
1027
1047
620
609
729
610
610
627
651
660
662
649
618
649
649
694
646
650
671
683
653
649
636
650
646
989
667
669
660
663
606
631
688
656
640
662
613
694
680
1034
1061
626
616
683
619
615
613
620
616
610
620
663
620
613
604
634
606
694
692
702
1026
616
605
632
610
647
672
668
657
693
657
622
620
626
615
637
613
628
919
1002
911
659
653
1008
1024
788
866
881
637
679
702
652
655
736
605
640
617
672
613
622
621
620
612
625
607
620
606
616
610
626
664
645
624
683
623
656
641
614
1008
1028
818
634
631
1002
1043
716
865
648
615
643
631
653
624
675
651
634
648
643
623
670
634
654
637
663
641
667
653
665
652
660
643
653
611
668
650
619
676
617
608
628
605
615
630
612
623
634
620
641
655
652
642
706
705
691
749
685
705
683
693
685
698
692
692
697
683
693
722
695
706
691
686
1086
1054
1059
1055
892
697
685
704
694
691
697
698
682
713
688
714
691
693
682
706
682
625
615
629
614
625
654
622
616
636
614
628
665
619
626
640
629
675
667
637
647
658
695
646
632
687
657
709
658
626
617
674
661
658
630
654
647
634
627
633
646
634
645
659
641
659
651
659
642
657
645
678
662
653
649
653
647
645
648
669
671
617
640
625
642
664
712
781
684
710
686
630
695
652
618
676
678
663
673
671
671
675
666
675
693
684
670
685
663
674
664
710
671
665
673
660
678
669
671
672
671
663
637
614
627
620
699
607
622
609
628
622
621
695
684
697
689
693
693
691
682
691
683
691
694
679
632
619
698
690
625
651
663
628
652
631
628
661
647
649
673
649
631
622
637
638
636
625
625
608
631
995
988
1000
987
910
985
886
1005
904
792
616
620
625
622
642
665
652
668
652
649
687
653
648
634
638
684
646
648
608
669
685
1091
1056
1057
925
852
694
689
636
646
621
662
687
666
667
663
621
639
657
687
661
675
661
642
642
646
628
654
651
696
681
697
678
695
728
692
680
686
696
702
644
663
640
663
670
647
691
675
680
676
678
673
716
675
938
953
990
909
989
879
985
978
981
825
801
914
986
614
619
582
601
590
585
643
608
624
635
644
640
638
656
634
611
620
620
631
611
625
612
632
617
628
631
585
597
584
604
598
624
617
609
595
624
627
630
639
614
625
619
625
642
620
626
627
634
634
637
611
630
619
623
637
639
616
614
590
622
633
657
630
964
939
943
716
601
622
628
643
666
653
663
667
661
672
670
652
662
667
671
652
666
657
668
662
663
678
662
655
666
1048
1025
1019
1004
747
966
956
647
579
591
591
594
580
608
585
591
587
593
585
594
597
597
589
595
582
604
598
598
603
589
584
592
587
588
594
584
595
594
597
593
591
586
591
582
594
604
598
694
680
661
667
690
701
693
685
699
694
692
689
710
717
692
694
696
693
689
691
606
621
605
617
614
613
613
613
604
622
607
618
615
613
649
638
647
662
643
649
635
647
664
636
616
739
694
688
659
663
658
982
992
617
640
637
631
651
634
626
607
637
620
637
657
651
642
665
648
649
928
635
638
662
648
665
659
673
659
684
645
655
652
660
682
625
605
621
613
848
985
943
641
664
714
688
642
652
655
681
609
718
605
618
624
657
632
621
607
620
604
674
606
612
621
623
663
669
654
669
655
654
676
655
651
665
660
725
685
659
675
680
671
667
663
664
665
664
666
647
652
638
648
637
649
656
689
704
623
626
684
652
650
667
659
651
683
704
703
688
1097
1057
1059
1062
1062
938
691
688
692
693
700
683
697
695
692
687
696
693
708
712
691
710
687
696
693
699
712
704
705
708
687
693
692
693
695
681
695
697
695
1055
1066
1062
1056
884
694
697
700
682
698
689
690
636
671
664
615
621
645
648
661
685
659
666
663
653
666
650
659
668
643
666
650
649
643
643
654
685
707
683
692
1066
1055
1054
1022
1028
665
604
607
607
630
605
639
614
624
640
658
663
678
651
666
654
677
663
661
662
664
652
659
630
640
656
639
671
635
640
631
639
636
638
628
640
580
588
583
589
585
638
626
634
644
629
641
629
679
664
671
679
660
656
662
663
657
660
655
663
667
670
677
660
662
662
655
670
656
670
654
664
657
667
657
666
1011
1009
1011
1011
663
628
625
633
681
666
664
653
667
664
656
667
995
599
824
656
637
666
638
655
671
657
644
656
649
632
625
641
634
670
656
645
637
659
629
653
640
650
698
659
667
622
667
676
660
678
671
694
675
674
669
693
660
678
662
672
661
674
672
671
659
695
675
671
673
678
664
673
661
682
660
665
646
644
591
602
586
599
604
599
594
613
628
667
654
674
681
660
592
583
593
605
588
622
648
610
624
625
623
608
646
616
634
614
633
625
626
619
617
641
625
633
634
615
628
631
624
621
678
652
1052
1016
1011
1012
1012
635
624
618
630
611
666
630
613
632
624
629
666
594
597
648
589
601
618
631
619
655
630
626
620
622
624
617
622
613
626
600
598
595
599
588
599
592
595
619
629
625
646
613
661
653
637
621
649
645
597
583
595
596
675
633
612
704
694
683
695
694
702
737
653
676
662
633
657
640
631
611
658
636
662
651
649
644
696
667
673
661
654
639
952
683
701
682
685
696
709
682
695
646
641
652
644
697
691
679
696
692
688
698
683
698
684
694
688
699
690
709
688
703
698
694
683
702
1096
968
658
647
667
621
679
661
650
661
654
638
670
661
676
665
669
675
672
685
669
684
672
671
672
671
662
674
682
677
662
679
665
677
662
675
673
669
690
661
680
685
624
629
622
620
623
614
894
1042
1044
674
642
651
652
648
644
651
651
675
630
664
643
651
629
684
627
643
637
664
658
663
658
646
609
616
609
706
1009
988
988
983
901
981
1000
993
907
921
791
992
948
975
975
980
977
979
977
982
944
802
784
900
865
894
888
928
942
820
953
955
954
584
594
593
614
594
584
595
597
616
622
595
615
606
615
613
626
602
607
630
603
696
691
694
684
674
698
693
680
694
689
692
681
687
708
693
1010
1057
1064
1075
925
699
691
689
617
669
648
683
712
682
703
687
704
696
692
693
700
684
705
700
707
683
695
683
704
685
693
693
695
697
683
699
710
691
1061
1062
1066
649
642
687
662
660
684
624
641
623
624
655
622
616
628
649
678
670
684
656
624
664
676
642
668
632
654
638
676
604
655
651
667
628
620
652
651
633
665
644
642
655
665
646
660
641
723
709
728
706
692
682
695
690
694
617
683
644
651
646
638
661
641
624
677
609
644
620
616
614
629
605
632
615
615
631
631
644
667
638
630
647
647
627
643
641
640
623
790
683
732
687
693
680
696
686
699
683
690
726
696
685
695
684
697
701
694
693
698
683
695
684
696
690
683
696
686
703
692
695
693
652
646
662
667
626
653
652
616
627
618
624
628
622
680
667
691
719
690
698
625
627
631
616
653
649
659
693
651
651
822
982
998
980
987
925
927
948
943
876
931
932
939
599
604
618
614
614
637
651
626
593
583
595
582
587
633
592
657
665
623
677
662
669
662
660
654
663
653
673
597
618
621
621
581
589
580
590
644
625
944
808
956
945
931
873
749
952
957
813
744
752
952
958
738
629
617
640
626
641
623
624
625
660
615
625
621
624
600
646
617
617
640
620
618
654
626
627
601
613
628
619
869
660
655
679
663
662
662
670
651
668
661
665
665
656
672
657
669
665
665
660
667
662
675
657
666
652
603
622
598
588
596
600
599
630
617
598
599
609
604
598
605
604
590
600
599
588
622
623
619
596
614
596
681
584
682
656
633
593
592
582
605
632
626
603
621
612
620
615
665
656
671
653
665
669
654
667
666
669
665
651
680
664
662
1064
1016
1014
1012
997
900
673
665
658
665
657
667
650
666
654
688
654
663
657
674
652
667
658
665
665
664
661
664
655
683
671
664
663
670
653
667
704
593
588
587
585
597
580
585
579
602
580
628
916
948
969
938
581
851
926
923
593
713
579
591
628
622
643
638
627
665
583
593
612
620
617
597
635
604
621
631
623
614
631
612
621
607
620
614
600
599
623
649
984
982
809
593
612
963
984
866
816
624
620
628
615
607
611
625
636
618
626
625
626
666
654
625
667
648
648
646
620
606
700
682
691
682
1092
1059
1058
1055
891
806
693
682
706
682
646
656
965
996
990
959
958
921
981
987
616
647
653
655
765
678
666
657
665
657
667
671
666
665
689
659
666
1054
1054
1053
751
620
634
639
670
686
708
685
709
701
699
691
693
683
708
682
715
703
700
692
696
684
704
686
697
683
705
684
703
683
707
684
693
684
1094
1059
1060
1055
952
926
695
759
701
690
681
655
651
653
670
655
656
649
636
617
697
700
689
688
680
701
627
670
647
659
641
621
615
673
666
674
686
684
666
674
630
618
661
653
647
641
674
650
608
624
694
695
695
688
694
693
618
639
613
619
682
691
681
693
683
694
704
701
692
680
693
653
644
669
653
663
632
652
657
654
653
637
641
630
635
647
629
1031
740
700
680
705
690
706
686
694
689
698
681
695
706
708
684
694
690
707
681
698
685
692
696
692
683
704
1081
1109
1088
630
644
648
641
654
654
645
619
733
620
629
607
671
669
698
682
694
685
697
681
691
681
708
683
682
727
696
681
697
684
696
705
702
694
693
682
695
689
691
691
680
695
686
1065
1025
1014
1011
589
583
595
588
595
599
987
956
603
586
631
632
616
639
605
622
648
653
647
668
640
639
628
661
679
652
668
657
664
661
662
670
660
654
668
654
610
585
589
581
602
631
683
605
631
624
619
604
615
608
612
614
644
613
622
617
613
615
595
582
592
596
591
589
641
603
613
627
631
623
630
653
665
661
659
667
666
682
664
657
1001
1011
1013
862
720
653
606
633
641
640
645
681
698
636
649
657
673
648
651
653
677
644
621
647
690
682
716
684
694
682
720
684
695
684
707
681
694
686
624
617
656
655
659
647
712
622
616
650
645
620
616
701
691
655
663
625
628
628
612
612
615
616
604
622
605
620
688
665
680
692
686
686
704
686
695
683
693
689
635
645
616
625
615
602
621
612
706
621
608
669
653
656
654
647
655
653
625
644
668
665
653
649
645
674
678
649
652
647
656
646
649
676
639
660
649
636
642
678
680
693
684
701
1030
1068
1064
1053
701
650
623
637
642
647
635
699
685
695
691
709
712
693
683
697
690
694
687
726
702
688
696
696
696
692
682
697
707
694
692
714
693
689
1093
1064
1116
1113
690
672
708
690
677
724
690
705
699
699
689
699
718
721
728
716
727
736
715
658
643
669
660
682
687
701
663
697
724
717
769
649
654
672
698
651
667
651
651
641
648
684
656
692
691
662
653
739
683
691
733
737
733
736
734
743
744
743
725
735
725
734
744
748
738
749
737
745
733
736
735
724
754
725
736
674
690
708
716
708
755
766
731
757
728
748
730
723
702
769
760
760
757
754
764
748
761
764
761
759
854
721
720
715
763
747
765
756
770
745
762
747
1155
1154
1226
1093
933
791
709
753
749
770
754
791
779
767
750
756
725
730
766
742
794
800
791
789
808
795
801
782
797
786
797
786
804
784
1267
1226
1214
1217
1188
801
813
787
755
742
753
845
815
788
804
784
795
798
796
806
798
784
800
786
795
822
807
795
793
796
794
796
796
839
746
754
740
773
751
724
698
710
701
726
759
743
746
744
728
756
762
767
713
746
742
716
723
718
745
756
749
762
771
734
733
746
763
760
763
755
751
763
739
796
768
1089
846
831
844
828
840
836
839
854
854
839
853
843
835
842
825
842
824
843
842
839
843
846
941
1090
1019
1167
1084
1140
1084
1064
1199
1194
1190
1162
1004
1205
997
985
1073
1126
1182
1146
996
1163
1163
1141
1144
1182
1200
1204
1197
1193
754
762
790
780
808
776
785
790
778
832
782
810
825
862
831
889
875
837
824
840
826
851
836
829
840
837
828
843
826
1329
1282
1291
1284
829
749
768
777
775
781
809
849
804
814
813
823
813
840
806
812
814
818
801
829
814
814
803
810
816
799
815
806
846
811
760
755
771
743
768
747
749
793
823
828
817
825
808
801
802
805
791
804
793
815
789
804
798
814
802
817
815
829
821
799
815
816
811
825
814
874
828
781
789
802
786
762
739
764
749
841
837
837
779
808
759
826
794
775
767
791
768
813
754
784
805
760
787
782
742
791
785
813
797
808
775
766
772
774
758
788
764
896
1194
1104
1140
1183
1119
943
1103
1127
742
843
828
839
831
869
850
859
833
842
828
840
829
844
832
834
1237
1275
1277
761
783
765
748
747
750
794
786
769
760
767
770
780
754
796
776
770
775
773
781
831
796
761
734
746
750
747
762
773
804
815
797
791
798
791
771
772
805
804
830
841
826
837
839
828
856
836
880
847
851
835
1867
1986
2319
2026
2483
1856
1866
2675
1837
2029
2294
3145
3042
2458
1315
1010
999
796
792
785
751
747
768
755
757
759
688
688
689
690
686
695
680
691
683
682
680
688
681
698
686
687
704
686
1038
1058
1058
909
664
647
659
643
681
685
634
695
643
635
646
644
681
629
618
626
664
629
639
645
624
645
649
645
654
644
643
633
641
641
629
663
652
647
652
640
660
654
650
638
947
1005
860
998
970
987
995
967
983
984
986
991
1000
938
936
865
965
1014
978
982
983
986
996
995
991
986
995
1002
985
994
1008
992
931
858
968
991
981
983
972
993
984
986
987
999
990
999
979
989
986
1011
988
997
984
695
699
690
681
697
628
622
662
659
646
660
693
638
622
659
623
674
658
670
661
681
665
670
658
664
673
679
661
673
681
670
670
668
676
620
615
630
612
624
668
673
693
678
694
709
668
645
651
621
659
651
661
625
655
669
645
640
629
967
906
633
643
695
628
625
625
655
650
659
653
660
662
686
1098
1069
1067
1066
1063
672
691
664
648
650
674
630
676
655
672
651
659
662
653
661
650
679
659
662
663
661
655
664
670
673
665
659
665
651
664
666
661
681
634
627
615
604
618
606
619
602
615
605
615
643
681
683
672
651
654
643
650
629
676
608
656
700
710
683
691
695
691
691
691
697
717
682
693
708
691
681
696
689
671
607
615
645
664
667
654
634
648
670
920
971
983
950
982
1002
973
683
682
652
637
659
643
664
629
653
656
664
703
683
662
717
701
752
744
734
743
738
727
742
722
908
714
797
917
895
723
923
994
1075
913
670
804
831
782
797
785
747
726
687
700
691
683
694
695
695
689
626
625
666
654
674
675
632
621
713
685
690
1063
1060
1060
890
694
687
687
665
673
690
694
685
695
683
696
696
683
696
681
695
692
692
713
702
689
707
684
693
680
695
760
1084
1085
1077
617
685
670
668
655
766
608
619
654
678
655
695
784
652
644
654
645
623
895
698
691
724
686
697
693
709
684
692
682
705
684
691
684
713
678
693
684
754
607
696
1059
1062
1056
1069
620
630
625
690
658
644
685
681
975
985
977
984
983
919
929
608
695
693
694
694
697
690
695
682
698
682
654
676
666
643
650
644
662
645
629
648
653
655
682
648
627
655
693
690
683
705
678
656
674
640
657
662
665
669
693
687
695
638
632
627
686
656
646
642
643
723
713
721
682
694
687
733
666
632
609
618
625
638
626
612
973
925
833
629
613
1013
967
953
741
645
626
618
701
656
638
656
641
645
637
626
659
652
653
650
659
628
639
630
645
645
653
639
634
631
645
648
670
655
689
630
622
618
635
676
665
661
653
647
661
622
757
607
616
624
619
607
630
611
618
603
607
620
615
607
628
613
615
614
613
613
612
608
625
609
612
616
626
647
627
640
632
627
638
652
620
901
716
1067
1032
1022
991
987
961
983
977
771
916
777
622
700
624
647
638
664
671
649
651
679
662
673
655
667
665
684
658
648
654
676
611
627
1059
689
629
637
677
661
641
672
664
648
650
625
628
631
629
627
671
651
649
635
655
664
638
653
652
660
654
654
607
617
671
695
683
640
648
707
700
1067
1056
1062
1061
690
638
670
621
999
1026
711
611
790
618
695
686
697
682
691
694
717
689
692
683
698
683
712
686
698
680
697
682
691
689
691
682
692
681
1097
1062
1073
1054
1063
712
633
628
632
627
635
692
696
708
692
690
689
695
706
634
616
616
607
617
606
622
631
614
616
696
692
692
682
696
696
693
690
700
696
690
1061
1056
1072
1062
623
684
782
1019
1025
609
660
613
654
656
645
676
637
654
686
655
657
641
628
695
682
705
681
696
681
700
683
611
663
634
663
641
698
651
635
656
665
1030
624
607
632
717
642
656
657
627
621
692
628
623
623
635
657
654
652
660
646
662
662
631
623
633
654
653
660
657
643
650
670
664
649
646
650
657
655
648
622
647
665
635
625
657
615
641
630
637
677
615
608
645
638
673
617
615
623
654
640
653
623
655
636
668
634
643
675
662
642
661
666
657
666
658
663
632
657
677
681
648
666
645
672
638
652
653
653
650
645
646
710
836
690
681
701
685
701
687
700
690
644
651
640
668
650
629
635
658
661
681
652
783
691
679
691
689
692
614
620
615
616
604
618
655
632
635
644
634
668
607
613
625
605
617
619
639
616
662
654
651
640
668
650
617
630
640
661
620
626
620
630
629
649
628
632
617
633
631
652
618
658
622
622
670
628
615
636
614
645
653
650
642
671
651
659
658
685
660
642
644
653
633
668
662
673
937
984
607
615
603
621
645
691
643
666
651
635
633
668
629
670
652
649
694
696
652
654
673
628
604
617
619
621
654
647
648
642
622
660
632
633
743
613
632
675
657
668
679
664
654
706
696
696
681
696
695
693
680
681
718
689
679
697
687
694
693
691
704
692
681
728
644
649
648
651
628
651
667
638
656
645
710
633
989
996
859
607
819
606
618
607
614
692
625
653
681
703
692
697
689
687
682
701
681
710
693
708
711
680
696
689
691
696
691
684
1100
1063
1067
1062
1049
648
660
651
638
638
638
631
649
625
657
632
653
651
652
665
647
650
690
640
653
658
641
650
678
650
665
674
674
653
699
685
663
652
681
667
668
616
627
615
623
615
633
661
671
680
666
655
659
697
666
650
705
653
696
691
689
630
624
613
624
675
676
672
672
660
671
673
681
680
669
632
642
630
653
631
644
656
601
587
598
601
596
586
599
590
604
632
643
665
641
635
681
632
649
643
620
633
592
616
648
634
622
632
631
622
584
609
614
642
637
664
656
661
624
629
616
637
637
633
645
635
635
626
636
579
610
587
588
596
579
607
722
636
633
651
628
638
635
635
633
637
629
660
635
638
623
639
663
663
654
690
658
662
651
669
649
653
681
665
670
667
664
666
663
662
662
665
1016
1020
1015
1015
930
632
578
616
635
631
663
628
618
648
598
661
630
922
941
937
905
902
840
633
627
626
611
631
616
608
639
606
642
640
630
633
638
629
613
630
609
614
622
608
598
624
596
613
597
876
671
666
651
659
594
643
606
661
624
665
664
664
659
662
653
680
657
625
639
613
625
603
607
644
654
605
612
614
626
619
663
612
627
639
628
642
601
589
959
593
956
955
951
871
949
943
957
937
868
611
592
636
588
590
592
586
609
631
588
641
620
625
639
610
615
638
621
612
634
628
609
622
623
618
621
634
635
616
625
608
602
670
783
675
666
655
666
667
682
689
694
689
696
683
698
688
693
683
696
683
688
688
696
681
695
681
711
684
695
688
694
678
685
693
702
685
1083
1017
1020
1015
872
684
660
658
666
664
673
659
661
651
664
668
680
584
601
627
635
603
624
614
646
635
630
592
619
625
616
601
627
617
625
660
661
681
661
652
669
652
1020
1016
1020
1015
1009
670
625
623
612
607
601
826
876
924
883
748
754
991
946
954
956
953
632
663
624
641
667
633
609
600
627
631
633
590
613
623
602
621
631
640
992
662
660
667
695
656
651
594
638
635
625
611
597
651
596
609
610
601
633
627
593
639
618
617
651
630
602
609
585
615
585
588
614
592
602
666
652
665
1020
1011
1011
1013
856
643
859
935
1008
631
613
802
584
641
617
637
625
615
623
657
620
622
647
637
633
617
625
620
625
643
582
629
622
612
635
621
617
630
621
626
614
639
604
625
597
619
623
910
949
865
608
604
903
980
872
599
585
590
589
590
593
616
612
648
626
579
602
579
627
604
626
630
616
615
631
618
634
626
648
624
638
617
620
593
581
589
929
589
720
597
599
640
633
656
633
678
644
633
641
635
643
615
614
599
613
625
597
614
636
604
639
624
659
581
661
668
654
663
589
607
598
609
600
639
628
621
621
645
633
778
956
942
908
919
943
953
942
950
939
947
941
944
968
804
770
681
662
656
970
974
939
928
940
945
927
932
944
943
933
957
651
648
685
663
671
665
662
667
670
652
662
666
663
596
646
646
648
633
646
634
644
633
647
630
641
654
667
1010
1021
972
975
979
930
974
990
966
966
954
1007
728
725
657
710
660
661
669
650
663
654
672
662
670
690
697
685
697
685
636
652
693
647
641
628
647
658
667
659
651
665
665
657
658
622
675
691
659
658
993
986
924
964
978
982
622
615
615
606
616
603
615
643
676
646
650
645
627
634
628
645
618
637
657
650
648
631
659
635
637
640
650
679
658
630
677
633
669
684
701
669
640
628
657
639
650
661
655
656
679
663
652
650
652
658
617
604
617
608
616
645
693
700
702
684
707
696
693
688
690
696
711
1023
1018
1026
1018
865
676
653
666
657
669
656
666
663
666
655
667
677
664
653
684
650
654
665
669
651
673
659
664
659
661
668
661
654
664
655
661
661
664
663
653
1013
1016
1014
1017
1012
624
640
632
652
632
663
641
647
639
646
641
634
647
633
641
646
641
640
652
632
644
629
638
643
632
659
627
645
638
600
596
607
591
599
591
602
588
623
594
599
601
594
739
704
663
653
666
672
663
665
664
655
672
654
677
662
660
671
656
668
664
672
668
599
595
593
626
635
622
620
631
630
629
630
616
636
646
663
659
1055
1013
1014
879
837
660
692
633
642
631
624
613
647
596
625
638
663
607
616
629
631
619
596
579
600
628
623
626
640
642
619
613
666
654
663
656
668
663
657
666
663
1016
1018
1011
1015
980
657
664
660
668
669
665
660
663
654
664
651
666
670
660
667
670
654
666
656
673
652
666
657
667
654
662
674
653
685
659
662
664
662
667
660
1021
1016
1026
1022
612
585
626
620
629
858
939
1008
598
583
597
657
667
654
678
654
673
661
661
664
655
665
653
674
661
663
664
662
653
666
663
663
665
661
681
1029
1017
1019
1025
1011
637
617
614
688
668
658
689
652
678
673
668
651
664
665
664
659
667
663
664
652
668
657
632
592
594
580
592
578
639
627
941
950
952
944
947
951
946
987
824
943
958
946
912
943
928
892
936
951
935
941
934
586
596
581
616
605
616
602
608
633
624
637
621
621
630
613
647
653
619
632
612
608
599
659
628
738
656
637
627
642
626
632
626
656
632
639
631
632
637
636
657
628
638
632
635
633
634
625
594
579
586
592
582
591
593
591
592
643
635
626
619
624
590
621
597
640
600
605
605
822
728
651
967
977
787
592
612
590
588
582
589
582
594
595
600
593
583
604
588
588
590
590
587
591
578
605
580
591
582
603
655
631
623
634
622
635
624
596
624
612
595
597
595
651
645
646
661
636
626
634
647
633
634
656
626
636
627
642
634
641
630
668
632
644
641
641
639
642
631
644
633
643
633
646
631
633
659
597
590
609
595
646
643
631
638
729
586
617
625
620
664
627
660
604
679
680
663
663
677
655
664
656
665
654
665
647
594
582
589
587
581
605
583
651
636
617
673
661
652
677
666
657
1047
1013
1017
1014
1012
757
630
634
623
603
624
603
646
621
664
671
665
668
666
662
655
683
653
660
634
653
668
653
659
655
641
661
647
630
680
655
634
659
644
654
652
627
644
616
664
665
623
1040
702
685
690
682
696
687
692
682
697
701
697
684
695
685
621
629
711
611
638
654
667
614
681
676
654
625
702
674
670
621
669
611
693
670
661
612
886
607
618
623
648
636
913
746
693
684
686
814
672
699
668
951
668
647
658
644
645
642
664
702
727
663
687
638
660
667
659
683
613
612
658
701
626
680
659
630
614
677
879
991
905
995
996
986
995
944
929
835
774
783
953
1019
994
975
1013
981
935
963
988
980
983
994
617
668
669
670
652
738
631
658
654
656
693
649
670
644
930
691
694
688
690
683
704
682
689
692
687
693
682
694
694
693
696
690
686
697
683
700
684
694
682
695
689
689
680
693
691
693
701
705
1046
1059
1054
906
657
659
677
669
656
666
654
665
661
667
662
663
665
666
653
665
660
669
651
680
656
661
663
672
653
663
655
684
652
663
662
663
653
655
1052
1023
1011
988
876
678
661
665
666
660
654
665
668
668
660
663
651
669
678
680
669
661
655
681
653
665
661
667
655
667
669
657
666
664
656
667
657
676
665
1052
1016
1013
1011
749
897
659
664
653
676
655
677
664
661
665
661
657
626
621
604
605
635
616
625
623
602
615
611
639
628
645
632
636
642
634
626
646
624
596
662
693
645
657
643
621
672
670
663
920
710
681
646
627
652
616
648
624
629
654
654
634
647
657
671
660
650
622
645
674
641
661
632
698
696
638
660
639
699
689
698
680
704
700
693
1061
1060
1060
1019
604
634
674
989
987
592
592
860
583
634
628
624
633
614
772
601
579
591
604
594
590
587
589
592
581
589
599
595
613
678
624
629
647
638
657
625
606
609
654
623
639
612
644
936
583
901
704
691
683
698
690
697
696
691
705
690
685
700
625
626
624
628
627
614
643
646
640
639
623
616
626
640
655
613
628
614
625
620
622
596
623
601
633
629
658
621
627
592
578
658
644
638
628
639
661
637
661
649
646
668
650
648
632
632
642
649
649
632
634
659
675
647
670
638
637
633
663
650
671
626
636
620
646
691
672
680
623
653
668
666
698
700
656
644
661
654
626
618
629
618
629
644
678
642
654
656
651
631
658
618
627
702
665
628
630
666
633
615
646
644
684
637
654
625
646
603
618
639
637
662
699
684
691
681
696
690
692
683
693
683
691
681
706
706
699
687
650
659
621
636
665
620
648
625
623
654
656
668
670
608
658
648
676
663
625
666
668
662
648
703
623
642
678
646
632
650
668
633
660
635
629
613
628
626
655
621
686
1151
626
607
639
628
653
654
634
633
643
674
639
674
649
638
651
645
633
615
605
624
603
639
641
636
728
1008
982
993
921
619
775
884
983
996
869
880
790
868
782
644
581
600
670
662
662
665
675
665
654
671
658
664
655
672
1045
1016
1021
1021
622
914
959
824
580
593
698
653
618
626
631
643
597
607
642
628
607
616
598
623
625
686
650
663
663
661
653
664
661
661
654
668
655
666
653
680
1060
1015
1018
754
652
619
624
620
629
667
685
669
589
621
637
661
656
669
654
661
674
656
670
665
667
666
664
674
660
656
666
652
665
654
678
669
664
657
659
663
1016
1013
1014
592
624
941
963
944
886
955
927
950
930
876
591
640
687
664
679
679
662
665
671
652
665
653
676
654
673
620
642
623
622
623
639
601
622
601
642
639
636
598
794
963
934
954
952
924
787
893
775
846
817
977
928
995
863
842
744
855
948
923
906
938
707
585
642
636
637
604
645
644
657
629
587
592
624
586
590
633
602
594
719
662
628
633
665
660
668
663
665
654
676
654
659
662
679
654
670
661
667
653
675
663
662
655
656
665
662
653
680
1020
1020
1015
594
624
635
632
619
596
610
626
623
653
611
647
666
659
662
667
660
663
651
664
652
670
662
678
658
660
664
673
668
655
677
662
663
666
673
654
993
1019
1008
1013
1016
724
622
598
600
637
635
653
587
599
587
655
602
652
594
602
616
594
599
589
601
607
607
654
637
637
619
603
609
628
634
629
609
619
606
623
629
618
655
628
624
606
616
604
595
625
734
644
621
626
608
671
707
685
598
634
599
604
605
605
593
603
616
634
622
639
628
648
622
662
667
679
654
664
663
662
652
670
652
662
654
660
656
1023
1014
1017
1017
989
956
959
955
957
956
896
807
588
625
655
618
629
630
614
606
674
651
668
656
661
662
654
677
670
943
927
943
671
667
655
673
651
1013
1014
1018
1014
682
613
635
666
665
634
622
611
612
623
606
636
617
629
614
624
604
593
599
601
600
599
604
618
597
589
602
588
611
590
622
599
601
601
594
644
622
654
603
644
630
633
624
604
645
942
899
946
911
952
952
971
767
613
624
914
987
932
618
605
624
615
655
667
649
658
638
636
635
636
635
608
685
635
665
650
649
635
636
610
622
602
616
600
613
604
596
619
661
656
663
663
663
653
664
665
663
655
663
654
668
630
621
597
607
618
620
608
616
594
599
623
633
601
632
612
637
601
607
614
606
605
601
606
625
624
623
635
591
602
603
636
613
628
600
642
615
628
618
622
611
614
622
617
633
624
658
616
609
639
625
632
635
615
622
614
635
625
581
637
612
638
671
672
660
1015
1014
1025
1025
668
971
1008
689
627
663
666
666
656
664
668
667
600
636
599
599
597
604
592
607
598
603
609
587
609
599
598
604
598
592
603
587
602
600
598
587
621
663
616
654
638
629
633
628
596
594
593
643
652
630
633
645
640
592
642
652
654
654
847
882
1002
988
991
995
989
997
876
768
590
596
609
598
626
662
669
654
1025
1014
1015
1013
871
611
607
601
601
588
660
666
695
607
605
613
622
621
645
631
630
639
615
620
634
628
597
590
607
624
617
622
611
623
624
593
587
603
632
605
621
599
658
587
605
592
587
594
587
584
599
581
706
650
626
640
643
640
635
649
637
639
586
657
624
625
614
637
610
623
670
661
673
652
664
651
666
660
660
679
662
666
672
652
667
663
666
672
653
992
1012
1009
843
739
663
666
656
664
652
670
660
675
672
620
607
631
618
610
629
635
631
639
625
664
678
663
664
662
655
664
652
663
671
663
661
670
654
668
1050
1015
1011
1014
1009
819
593
595
966
964
991
625
613
640
667
664
654
671
653
654
663
675
653
665
656
665
661
665
667
661
653
676
671
659
663
661
663
656
668
660
1025
1028
1025
1017
725
593
606
636
625
622
637
605
621
634
617
646
625
632
631
626
619
608
639
626
607
620
670
653
663
656
664
659
670
660
661
653
664
654
664
675
669
1051
1017
1017
1011
640
592
613
626
635
619
624
622
633
623
622
597
620
606
593
627
610
615
609
618
622
621
606
624
616
623
628
620
617
639
628
623
616
613
621
611
618
635
622
615
616
631
630
619
637
653
595
628
636
632
659
597
621
638
616
629
625
644
605
627
606
656
634
619
656
647
645
645
606
620
604
618
602
618
605
607
618
612
602
616
621
699
691
1090
1060
1060
1058
1071
645
647
672
668
667
661
676
668
668
673
680
659
671
663
687
660
690
664
678
664
688
680
659
677
661
682
670
669
671
670
660
693
670
668
673
660
626
615
624
620
668
958
688
684
690
685
694
687
697
712
633
650
654
651
622
637
734
996
978
945
939
697
935
943
932
942
938
601
652
627
626
637
620
630
633
631
776
993
638
623
622
604
984
991
618
623
723
593
592
582
594
659
630
627
637
625
646
636
641
634
638
626
660
632
636
635
635
625
637
628
638
624
636
619
645
609
937
987
870
615
627
956
993
805
903
652
663
653
661
663
664
653
662
658
669
667
678
667
663
652
665
656
675
662
662
653
638
603
619
652
621
615
620
580
645
639
646
588
606
590
986
999
588
589
594
583
622
626
591
635
621
598
643
635
622
601
614
607
609
619
605
630
617
621
625
627
607
625
626
898
595
589
578
585
590
582
589
590
663
636
599
954
990
588
592
580
593
643
641
621
622
621
616
645
616
618
665
664
656
665
653
661
651
673
664
661
653
663
652
664
667
676
670
668
1063
1015
1008
883
602
596
589
596
618
627
621
607
624
653
638
629
630
650
633
995
997
627
612
613
610
618
603
643
620
672
660
633
657
648
627
653
648
653
649
670
638
672
649
671
655
665
645
657
657
653
714
655
692
664
646
656
665
628
640
653
621
683
681
693
685
698
680
683
694
697
680
697
681
696
698
612
617
648
661
657
663
615
613
695
654
641
639
688
674
661
708
691
696
681
725
608
641
638
668
669
689
662
642
648
655
652
649
630
615
657
648
648
637
635
624
628
626
631
627
623
632
626
624
631
620
769
628
630
710
670
650
668
692
675
667
611
631
642
691
634
666
642
651
645
608
619
619
633
646
641
641
672
613
617
616
606
616
638
638
626
650
638
661
636
615
612
616
605
625
636
661
751
624
619
627
617
614
698
624
631
618
609
643
617
615
614
665
629
646
638
667
679
637
643
648
634
655
654
660
649
648
641
650
654
641
674
688
643
612
628
610
596
618
601
620
620
621
779
639
629
644
631
631
636
582
660
640
679
705
684
660
663
663
666
653
673
650
664
676
673
658
678
687
650
665
652
686
662
663
690
666
654
625
637
634
626
625
625
614
634
666
710
717
692
690
693
681
699
678
696
682
628
641
621
624
619
628
634
614
648
643
666
643
654
665
648
669
685
977
1001
1005
975
994
971
927
984
985
983
972
980
991
986
977
961
1010
983
605
663
637
636
620
663
645
638
672
653
655
658
661
672
652
673
660
661
662
662
664
695
659
615
607
623
1057
687
683
695
693
693
685
695
709
692
684
694
689
705
700
696
692
684
698
691
699
692
695
695
688
691
688
694
682
700
686
693
697
680
1106
1059
1059
1072
654
962
997
589
591
583
937
982
900
610
937
580
673
668
652
675
655
666
666
666
661
663
660
663
654
679
663
653
662
658
662
664
681
669
662
1021
629
620
626
639
630
613
636
628
670
659
668
656
662
652
663
669
672
655
672
653
659
687
684
661
664
657
661
663
662
692
669
672
665
653
662
656
670
654
668
654
1015
1010
1014
1013
861
618
648
638
617
639
650
642
654
647
665
641
644
645
648
655
636
631
674
605
632
609
598
657
640
627
628
600
627
616
641
624
652
624
593
581
613
596
587
629
619
622
605
588
659
653
649
645
600
604
621
633
630
616
635
638
582
621
607
619
643
621
636
648
614
628
600
604
612
637
622
608
620
606
622
638
610
604
633
607
597
630
600
611
613
610
632
616
629
599
729
670
668
668
684
663
595
614
626
636
628
636
638
643
625
618
621
616
640
621
650
625
635
629
626
617
626
602
646
624
616
620
621
608
614
622
670
623
625
612
598
599
586
597
585
599
591
603
591
628
637
672
663
693
710
694
682
632
642
668
641
641
621
664
645
645
619
613
614
629
605
656
655
645
621
649
642
650
648
658
660
666
637
649
651
650
638
628
650
652
641
648
668
639
611
637
639
629
707
722
622
706
641
620
621
651
666
654
633
661
646
692
702
693
691
684
696
732
616
606
630
610
674
675
660
665
620
615
604
627
615
614
610
615
608
666
634
642
675
638
638
883
977
996
983
917
972
607
658
629
652
637
661
642
652
653
645
631
639
653
639
675
660
653
663
654
634
640
635
652
661
671
663
631
668
613
624
664
678
690
683
648
638
680
691
689
692
681
687
695
691
684
694
690
697
684
694
689
693
684
690
700
701
684
694
704
695
689
691
1017
1016
1011
637
925
927
932
928
584
625
650
626
653
667
655
672
652
662
668
661
654
669
663
662
664
663
653
672
660
671
661
660
664
673
652
666
664
1056
1029
1014
1017
1005
606
594
590
597
984
1021
596
729
709
597
601
595
603
593
599
597
590
637
627
630
626
635
661
663
660
664
652
668
663
650
664
672
664
660
669
663
1021
1019
1023
1015
610
631
655
621
628
628
646
640
640
652
645
636
638
668
665
637
654
649
635
658
631
644
626
643
671
647
651
657
638
658
651
644
661
642
654
627
691
662
624
630
651
623
676
635
624
614
694
701
665
669
689
700
695
678
696
688
699
693
690
692
708
684
692
694
697
680
690
684
694
685
688
683
699
681
693
682
710
681
691
684
704
1098
1064
1063
1060
607
941
686
700
689
718
709
662
653
678
657
661
664
740
665
653
681
669
661
664
680
655
666
713
664
651
666
668
664
653
662
709
681
726
695
670
710
702
682
669
667
654
646
671
681
628
648
629
643
620
622
612
625
615
638
658
639
640
668
641
621
656
614
650
655
663
652
697
671
673
661
662
654
669
654
668
659
656
623
606
663
662
669
640
692
657
671
652
662
684
703
654
668
706
676
636
666
693
674
694
681
665
673
661
673
666
664
687
674
657
666
675
675
661
673
712
699
662
673
1025
620
610
635
826
678
664
717
655
666
666
666
653
672
682
693
684
704
617
641
679
675
613
624
624
651
653
684
675
657
649
697
678
653
659
672
676
636
652
650
649
699
939
979
985
715
695
682
694
686
696
685
693
692
683
709
686
693
693
691
701
692
681
694
705
688
693
683
705
683
693
695
705
694
690
1066
1064
1052
619
664
688
656
707
664
664
679
654
676
654
677
665
663
662
664
662
664
651
667
659
655
668
659
665
662
662
662
661
659
675
653
669
656
661
654
679
638
611
604
634
606
669
715
666
649
675
644
644
631
687
692
631
616
625
615
625
634
679
669
678
660
671
661
682
662
673
661
694
660
668
644
624
616
648
684
673
661
690
616
639
660
659
631
678
658
673
667
685
673
674
670
678
658
686
685
685
670
659
674
662
674
669
683
671
670
660
671
674
643
645
643
637
649
636
645
642
634
651
634
613
595
592
593
595
590
749
658
665
697
684
693
613
631
616
614
628
653
641
699
657
615
608
621
604
618
608
610
616
607
618
606
675
611
614
612
614
658
653
653
652
696
644
662
640
655
652
661
627
648
637
1015
984
1002
950
816
877
904
984
618
623
637
636
663
645
657
667
665
639
654
627
627
674
735
606
618
606
657
648
655
653
665
658
655
645
660
649
620
607
659
611
726
677
678
661
672
669
672
662
672
680
669
662
664
671
668
660
681
661
679
671
682
668
671
662
680
664
674
686
666
617
628
616
622
639
627
613
625
649
629
702
675
639
637
670
995
979
991
854
968
763
992
957
923
941
948
905
958
929
897
913
943
944
946
925
948
953
957
882
961
946
956
953
755
635
655
667
656
662
667
665
665
653
678
662
662
670
671
654
666
659
662
661
658
675
654
664
662
659
594
644
614
615
651
673
627
895
952
950
956
588
618
626
591
601
607
603
644
636
602
612
612
582
592
587
583
626
611
614
639
611
645
657
627
639
627
633
649
635
626
601
609
614
900
653
582
664
655
690
654
705
693
707
682
683
694
707
680
695
683
696
692
690
692
692
683
695
691
699
692
694
686
694
681
908
856
661
638
649
627
651
618
992
606
617
604
610
655
656
685
709
683
668
659
637
647
643
630
645
690
692
700
679
693
683
705
710
700
695
702
679
656
654
658
640
660
652
615
635
625
628
612
695
660
656
632
624
623
648
759
664
655
675
666
661
666
658
667
661
671
663
615
608
656
633
651
651
632
624
671
663
651
655
666
654
666
645
665
647
650
669
643
662
645
650
658
677
652
648
627
620
705
625
617
993
1008
808
618
614
619
606
625
609
616
607
617
613
655
626
655
630
682
658
636
667
908
615
665
660
664
609
625
614
664
647
648
632
640
635
638
635
644
615
710
988
1059
617
663
652
652
649
1004
960
963
815
930
943
979
984
981
983
982
940
938
945
940
591
635
626
643
641
632
591
632
629
590
707
704
655
643
642
633
646
632
646
636
653
647
643
656
685
592
595
592
617
635
634
643
625
636
612
640
626
618
609
590
592
577
592
590
604
626
639
639
620
617
618
616
633
626
613
643
633
610
639
615
634
636
623
646
666
652
663
591
593
614
658
654
644
632
650
640
642
644
643
635
645
633
641
672
665
633
645
640
644
634
645
597
629
612
642
612
630
605
626
618
586
594
597
579
610
592
594
595
609
588
595
593
590
583
594
589
591
580
665
656
661
658
679
659
666
656
667
618
643
635
622
616
662
643
625
606
951
961
947
883
955
959
945
940
963
980
984
965
978
991
979
991
624
655
691
692
687
713
653
651
671
654
658
654
656
662
650
651
630
629
641
656
639
641
632
624
656
624
665
639
626
669
656
677
685
672
662
644
651
641
654
640
641
646
627
650
635
650
658
664
661
653
610
658
684
697
630
670
634
629
685
687
631
618
607
618
672
668
635
619
647
676
633
649
631
667
631
715
684
690
682
708
682
694
684
700
681
700
688
692
682
686
693
720
686
694
695
698
690
690
691
691
1088
1065
1031
1017
907
610
581
592
594
588
843
921
906
597
582
704
595
604
590
602
620
949
599
589
629
641
680
658
695
704
694
697
683
710
671
646
647
619
641
629
636
651
647
622
642
630
646
653
647
643
709
659
650
641
649
648
671
672
641
626
693
691
688
699
680
694
609
615
617
609
615
605
654
643
665
641
647
654
650
632
655
636
659
638
645
639
648
652
873
698
683
661
701
642
654
648
647
667
661
680
686
660
656
650
662
644
656
667
667
677
656
636
652
655
640
641
643
646
650
630
653
643
649
654
633
625
663
627
641
624
913
649
678
673
649
652
688
651
642
649
653
640
639
668
665
650
632
615
660
618
623
622
681
662
675
660
680
659
674
670
686
659
661
674
671
662
640
649
623
623
631
644
631
627
645
656
665
656
639
651
681
666
664
632
651
652
624
704
680
693
682
712
685
664
669
658
664
654
677
653
663
666
661
664
619
614
627
620
647
611
844
692
618
618
610
630
619
675
613
602
635
643
633
659
634
634
633
641
647
629
638
624
642
637
636
634
640
635
657
627
653
636
630
644
634
638
635
632
613
602
640
618
642
634
888
945
944
938
942
972
939
593
593
591
585
615
582
666
663
664
654
642
628
642
610
607
602
609
616
609
619
687
663
663
675
663
652
667
1015
1027
1020
1016
585
658
581
593
578
631
613
627
621
632
609
603
625
824
582
632
608
615
588
586
587
604
624
629
621
624
624
636
624
614
638
638
630
593
592
579
611
580
589
580
599
585
587
582
596
588
667
609
583
963
986
597
589
590
820
598
657
663
666
666
667
583
601
589
594
587
588
583
593
578
593
606
656
583
594
591
603
617
626
604
614
625
633
623
633
675
608
639
621
679
629
649
615
654
667
659
663
639
664
624
662
673
673
683
693
703
696
693
692
711
690
679
694
686
698
681
694
684
692
686
687
698
698
682
1096
1056
1016
1016
745
889
679
672
667
678
665
654
665
652
668
663
663
654
666
653
667
656
673
654
665
660
674
651
656
679
663
651
677
659
664
664
675
667
693
625
1110
1058
1057
1057
910
679
614
655
684
692
704
666
650
680
655
651
667
668
606
616
659
659
671
752
695
663
674
690
667
669
672
662
675
663
661
619
604
624
628
652
664
663
662
646
607
617
648
626
619
663
675
993
619
615
659
682
690
687
704
692
691
691
698
685
693
684
703
691
687
700
683
697
691
692
696
693
685
696
681
695
680
1063
1057
1053
1018
981
652
665
651
667
654
671
669
603
640
656
640
634
647
646
635
643
645
642
645
661
651
636
625
624
629
621
616
619
598
593
654
658
588
645
654
662
1049
596
608
624
593
648
612
587
683
680
661
668
657
666
662
670
663
664
656
687
676
662
638
616
624
613
626
625
633
635
628
609
626
607
605
616
621
647
629
617
629
622
614
671
615
623
664
620
592
606
808
663
653
666
664
657
666
653
639
605
626
618
611
586
630
611
627
610
616
595
622
622
620
616
597
624
611
632
624
623
624
617
615
625
624
667
664
1059
1020
1016
1016
1016
767
605
629
638
645
630
644
631
638
627
657
711
660
658
670
639
658
651
668
642
647
670
625
640
647
654
653
636
651
651
657
647
661
670
678
638
652
678
648
639
647
647
686
622
633
744
1031
1013
617
605
628
641
641
654
648
646
625
640
654
623
654
660
634
627
632
650
651
638
651
654
743
654
641
662
632
664
652
645
654
649
663
650
636
822
915
891
926
828
930
987
985
834
784
865
946
917
929
959
843
919
914
930
959
951
930
952
952
686
636
609
632
600
604
615
605
622
643
605
647
649
654
671
883
932
944
587
627
672
626
632
621
614
637
629
639
635
625
636
632
636
633
646
640
634
640
640
625
642
642
605
620
620
631
615
592
613
601
604
604
616
612
591
590
619
610
598
1002
679
621
612
644
646
613
652
621
626
603
611
599
600
617
639
614
638
594
622
607
607
627
645
615
625
613
620
616
594
617
616
625
644
938
943
935
924
940
669
624
619
647
652
633
606
589
608
619
622
648
673
624
670
617
597
631
629
652
628
633
625
624
624
624
622
597
622
615
606
592
592
590
603
591
720
654
618
592
590
631
624
637
633
635
635
636
625
635
634
639
625
645
621
630
631
646
608
629
628
609
624
625
606
644
623
622
632
618
623
633
611
622
638
617
619
590
648
637
952
983
589
597
579
983
981
599
965
587
602
590
583
592
581
860
801
588
616
645
620
620
632
626
615
614
609
616
645
636
630
590
583
640
581
628
630
662
952
899
820
959
961
950
889
592
627
640
627
638
630
634
623
629
642
637
627
646
628
640
643
636
633
633
637
637
629
635
665
663
635
635
582
618
603
589
581
697
626
647
642
648
657
635
627
628
639
637
626
640
626
639
649
633
638
653
624
652
634
633
634
634
636
624
637
687
641
634
634
623
638
640
637
624
608
582
588
583
589
597
647
667
686
691
690
689
690
694
709
728
985
821
985
653
670
648
668
648
633
666
647
616
627
633
671
650
665
659
654
649
665
638
687
623
649
639
662
661
678
644
657
646
650
635
652
612
618
642
625
625
678
670
671
662
680
661
672
655
662
651
669
663
659
655
666
659
663
653
702
644
657
648
668
642
628
648
648
643
650
642
649
797
652
645
664
660
666
656
669
795
668
653
667
661
670
667
668
651
663
653
674
683
653
631
624
613
618
626
642
616
633
944
616
722
857
613
640
665
659
647
644
652
656
633
660
636
673
711
695
695
687
703
680
690
671
672
660
664
664
631
648
636
669
628
635
638
694
694
695
681
692
686
702
690
693
693
683
1104
1035
1016
1012
1005
644
588
632
634
628
668
653
663
657
663
635
599
589
617
591
609
635
628
616
628
627
600
616
627
615
636
653
662
607
597
596
662
619
660
638
637
628
638
581
593
592
590
579
634
794
606
591
624
586
642
622
612
619
634
640
646
654
665
661
675
660
638
632
641
653
638
627
670
661
664
654
665
680
694
690
697
702
692
682
696
1103
1064
1059
1056
991
651
653
661
662
666
669
664
662
662
633
647
647
663
644
648
665
659
650
634
639
678
665
678
648
632
666
640
648
611
618
704
692
695
689
688
684
1108
1060
1062
1061
1003
877
670
656
664
652
670
622
626
643
650
631
699
653
639
658
671
688
616
624
624
628
662
634
620
626
622
629
618
651
650
649
645
666
643
652
674
649
664
671
669
669
607
618
623
697
651
670
692
677
640
642
645
655
645
660
635
692
685
706
680
706
682
705
683
691
683
704
693
646
654
683
647
637
692
656
645
646
648
650
636
653
605
650
711
981
1023
722
608
612
626
616
604
629
606
614
614
628
622
615
604
609
624
613
604
618
630
617
611
620
610
625
607
623
614
613
617
612
670
640
671
651
650
648
648
639
726
602
666
659
672
658
1034
1052
616
615
922
616
604
634
612
615
621
615
606
619
608
614
619
607
618
607
615
615
640
627
612
617
615
640
641
625
655
660
646
621
630
668
898
681
693
696
696
686
695
688
697
682
684
727
644
668
633
647
653
661
663
674
658
703
693
682
693
683
692
680
696
698
691
684
694
696
1096
1065
601
624
676
607
687
617
654
640
647
641
651
637
610
595
618
602
616
597
620
588
628
655
623
609
611
617
634
620
612
591
615
608
624
613
635
623
641
600
616
606
602
582
606
611
598
604
600
597
602
580
614
608
626
623
667
663
657
668
676
663
661
668
652
666
655
680
657
716
665
663
653
660
674
651
662
652
666
601
607
619
626
609
665
632
634
634
578
593
579
598
595
643
808
644
645
695
662
670
616
701
661
655
622
622
696
683
672
662
679
668
672
671
681
661
675
686
674
668
652
667
616
655
654
649
673
648
667
646
613
648
625
639
622
648
638
630
603
616
612
617
1003
1034
837
614
607
618
643
649
664
680
626
628
643
668
650
639
651
668
655
695
647
655
658
619
655
679
652
661
656
667
650
664
617
617
629
666
636
698
652
657
707
628
629
675
631
662
671
684
674
635
615
624
621
614
614
618
617
679
921
957
944
906
884
938
948
938
947
584
599
585
592
582
588
586
575
593
605
592
901
588
593
963
980
632
619
647
619
609
650
620
624
655
610
619
612
622
639
627
618
613
656
616
618
638
626
612
622
622
592
632
624
624
643
622
629
614
581
597
587
581
595
624
638
659
630
644
642
655
639
625
601
580
614
648
624
632
633
613
640
646
627
611
651
614
632
629
632
604
618
628
628
634
621
619
634
638
621
632
646
618
634
594
638
620
663
943
949
772
940
924
936
871
936
916
933
599
602
630
609
626
625
634
610
586
660
614
623
609
634
614
622
622
634
609
620
621
608
624
613
641
627
633
727
612
586
601
589
654
645
625
619
625
645
631
635
632
659
648
643
622
664
620
626
643
631
616
626
624
617
636
637
636
631
635
631
665
666
669
650
1050
1013
1021
1016
1027
637
632
609
612
620
617
624
624
613
682
692
681
708
685
692
690
697
693
683
697
703
693
696
693
695
706
681
693
696
693
682
708
732
691
682
1082
1051
1015
1019
1006
633
661
603
659
637
642
706
677
685
696
682
691
692
692
689
708
684
694
685
699
687
696
688
659
898
1000
625
657
643
641
634
682
675
643
658
660
660
1039
622
698
832
774
756
767
835
803
838
762
801
782
751
649
631
640
653
648
669
616
650
680
669
636
665
654
647
626
652
652
670
649
649
662
665
663
615
616
616
620
705
645
639
697
685
707
700
684
693
914
909
992
837
979
950
845
1035
628
650
643
677
638
659
654
632
628
622
634
627
661
613
655
627
644
634
649
652
628
615
605
636
1008
632
616
640
703
683
723
697
930
1000
1004
993
930
786
857
999
955
995
757
702
682
693
692
697
735
632
636
621
633
634
619
624
633
662
666
655
884
697
684
692
687
693
681
655
637
648
682
689
696
693
680
697
686
691
680
691
693
698
682
687
703
696
684
695
691
692
688
696
705
690
1051
1017
1023
1018
870
1006
1005
590
629
809
948
969
592
612
626
596
630
656
662
663
670
652
664
661
652
679
635
610
776
641
622
788
581
596
583
640
662
620
625
579
629
618
610
652
642
878
963
899
730
579
603
593
599
591
628
603
588
605
591
651
597
599
598
636
624
629
588
601
602
595
599
637
656
643
641
596
589
587
677
650
665
1015
1016
1015
1021
603
587
578
627
598
904
959
806
615
627
705
606
614
620
617
632
599
616
616
611
611
609
627
959
583
592
619
635
626
647
587
642
599
607
590
601
580
630
621
601
582
587
577
591
581
581
599
590
583
601
636
643
641
596
592
604
581
655
659
623
634
617
627
613
611
587
599
627
634
619
651
586
596
635
621
603
636
610
622
622
624
649
616
623
621
650
627
621
624
644
613
633
654
587
613
607
630
652
639
630
650
620
622
653
636
622
657
613
631
629
628
665
662
662
652
674
667
659
663
665
655
663
656
690
667
655
669
655
667
959
1015
1015
1015
680
671
670
676
654
665
653
592
588
588
618
635
641
637
626
656
645
640
639
665
651
656
665
637
617
592
578
592
628
623
667
664
658
666
666
663
653
1013
1013
1017
1014
1000
595
627
610
637
612
969
986
612
578
587
590
618
651
667
958
593
581
638
622
622
610
615
597
623
631
622
936
827
946
949
947
928
945
944
901
887
876
946
955
954
952
947
954
947
958
812
784
939
940
938
945
935
948
958
937
938
939
934
942
934
948
932
943
941
952
937
864
946
952
938
950
959
955
949
950
951
908
931
751
934
659
689
660
660
662
664
653
667
666
661
661
743
736
1117
1070
1054
1020
712
652
653
703
682
676
661
952
710
631
659
671
646
674
626
634
646
670
879
984
641
674
651
648
664
633
643
644
636
695
614
615
613
619
614
633
615
626
1049
691
629
627
695
693
638
643
615
624
635
673
647
650
661
624
660
664
674
669
614
637
614
629
674
649
656
663
650
654
645
621
614
620
604
615
607
624
625
619
606
614
644
648
807
653
664
706
680
700
665
664
632
632
641
627
630
670
680
653
623
637
648
649
680
623
683
644
647
675
669
647
617
617
639
607
635
672
659
640
673
622
628
656
614
645
623
636
637
635
639
1012
776
972
615
657
652
652
672
656
665
679
664
677
695
656
667
667
662
651
619
654
663
659
674
653
668
657
672
653
676
666
663
656
665
603
618
642
657
634
997
971
889
930
962
899
1000
1004
988
634
656
642
637
620
630
645
646
651
671
642
667
657
670
654
654
652
653
627
614
650
660
642
657
654
622
644
640
647
695
615
624
656
666
673
694
640
674
630
701
686
696
682
693
683
702
680
702
646
618
606
655
666
662
650
649
647
664
664
660
659
692
698
711
685
1062
1057
1057
1017
603
602
610
686
664
702
657
668
659
664
663
670
672
668
659
660
661
670
667
653
666
663
667
662
682
653
665
655
671
664
661
671
653
664
663
681
1042
1011
1015
1017
1023
865
653
667
667
672
594
650
647
683
647
659
653
652
625
650
638
641
636
632
673
665
672
647
631
665
646
651
675
647
638
642
678
692
687
694
679
1106
1056
1063
886
804
635
628
621
1005
1011
987
632
757
661
669
669
675
644
653
643
666
667
654
635
647
639
651
608
618
655
617
641
669
619
643
662
618
657
615
604
651
662
632
924
691
683
683
700
690
686
695
694
694
693
698
693
692
687
700
682
690
698
681
697
683
704
696
690
688
707
682
691
688
706
681
698
702
1110
1061
1059
1060
967
926
607
670
661
664
662
680
654
695
643
663
650
608
674
656
655
645
670
653
652
662
664
637
667
605
636
640
658
644
637
658
650
637
649
645
624
634
639
618
659
639
623
686
655
643
726
1010
1031
623
632
656
763
647
641
640
641
656
650
620
680
655
648
619
664
649
655
675
936
614
616
614
614
603
655
650
668
618
668
646
698
1063
1060
1060
1018
936
957
982
704
624
933
933
875
624
604
586
597
581
672
653
695
668
673
679
664
581
585
601
610
597
630
634
734
605
605
619
621
600
692
583
590
598
581
594
594
616
611
628
595
676
654
676
653
662
678
672
659
665
663
660
593
580
593
581
602
587
612
589
657
618
606
612
624
631
621
642
614
627
626
596
646
636
635
634
656
647
580
592
579
592
584
589
746
751
596
581
664
616
609
629
619
617
622
582
644
619
614
617
635
618
619
612
641
624
638
615
611
653
652
660
645
695
621
613
613
667
649
624
637
661
640
626
614
670
663
675
650
672
685
633
703
710
685
663
666
708
764
692
692
693
695
692
680
619
653
657
628
649
622
651
643
652
680
697
696
689
677
681
697
1060
1059
1063
1063
914
698
653
638
638
633
673
665
649
669
646
665
626
647
650
622
662
657
637
674
641
651
639
675
643
654
647
659
646
638
691
682
710
695
689
688
1050
1055
1014
1013
591
589
581
593
586
596
600
606
591
590
589
633
583
603
612
662
624
621
589
584
642
634
658
634
670
645
635
635
636
629
622
607
639
660
657
680
651
620
621
599
632
620
617
639
966
919
943
846
765
950
944
927
933
854
625
610
632
630
603
632
611
659
672
631
635
650
625
640
653
625
632
633
619
650
653
635
589
594
581
592
664
624
615
623
632
626
648
626
612
929
978
624
641
630
623
621
645
626
654
618
625
622
629
621
617
618
612
624
628
620
609
617
622
619
627
642
625
620
630
613
630
1024
1014
1012
1009
760
623
579
605
629
638
682
616
629
635
632
624
648
604
641
630
613
606
611
605
603
622
618
623
623
604
626
637
618
623
613
648
612
622
620
622
631
611
624
612
622
639
626
596
608
821
627
621
627
622
634
638
609
633
636
635
640
628
619
610
595
641
604
643
617
626
650
619
604
617
608
640
625
626
614
627
611
642
613
620
627
634
628
626
615
629
615
620
680
683
661
665
665
668
661
667
655
617
611
629
682
652
624
662
649
648
653
656
611
657
643
640
696
691
693
701
689
692
684
664
661
662
653
670
610
670
628
621
671
618
650
645
720
662
666
613
623
607
616
651
665
659
679
651
963
985
970
995
975
957
980
638
644
631
629
636
634
630
650
649
654
624
655
598
604
609
620
635
633
605
708
938
980
697
648
638
592
599
589
613
628
608
607
639
620
608
626
627
614
622
621
604
593
615
634
622
620
624
612
631
624
628
619
610
623
624
637
635
611
603
603
600
602
625
602
633
606
582
604
613
632
614
623
602
636
617
626
628
638
615
655
616
638
643
624
629
632
599
626
629
618
610
647
631
627
632
623
610
633
631
621
628
613
629
632
614
636
620
635
639
667
627
623
614
636
617
606
646
635
641
633
660
649
629
641
643
619
626
629
633
622
634
626
646
614
637
626
587
633
623
631
648
633
629
644
621
627
625
627
625
598
600
589
660
875
664
661
677
653
717
659
673
683
670
657
668
656
662
674
642
644
638
647
663
685
648
636
638
658
638
643
676
658
637
642
639
645
651
649
663
643
661
644
637
637
635
629
661
684
943
681
693
682
693
687
697
702
692
684
699
695
681
696
700
696
693
681
696
694
691
692
697
682
693
683
702
680
693
681
761
698
691
692
1047
1054
1059
1067
1051
651
683
666
687
662
668
676
715
695
712
792
750
687
776
735
727
727
734
728
712
741
736
692
658
667
673
665
666
662
651
664
654
673
656
663
664
674
604
1060
691
679
698
620
677
627
654
649
674
644
670
658
658
648
652
692
682
693
682
641
625
640
624
646
645
653
657
657
631
655
644
647
644
645
661
641
664
648
658
683
707
641
711
684
696
697
684
691
681
702
687
690
696
698
689
696
683
704
679
694
683
1051
675
683
660
674
661
687
663
677
684
683
656
664
619
606
638
642
628
633
649
1055
663
662
666
673
657
669
663
694
681
691
685
724
679
704
702
699
718
634
652
662
654
663
621
650
617
608
615
621
621
619
620
642
646
634
630
633
621
650
630
640
643
630
626
657
617
665
661
653
623
620
637
695
641
637
634
697
682
694
696
691
683
707
682
693
724
701
694
686
685
752
683
690
692
688
693
679
694
691
690
723
