2282
1855
1880
1792
1892
1903
2060
1715
1679
1584
1190
924
937
1486
1132
1017
1114
1210
1259
1082
967
882
1305
1349
1208
830
825
869
850
896
1194
896
914
888
919
867
892
875
852
1356
985
792
708
641
661
665
666
694
666
658
656
649
631
646
652
642
673
656
646
624
650
645
649
655
619
650
618
627
610
650
662
619
645
637
625
649
673
1068
1065
1063
1063
662
615
645
682
645
639
635
700
702
746
675
687
639
674
643
628
645
640
633
651
653
653
672
642
648
641
659
661
652
655
652
641
655
643
679
641
1072
1068
1085
1063
1055
629
688
615
689
637
651
617
651
632
658
654
673
650
624
616
646
611
648
638
627
630
625
621
623
627
656
639
632
632
668
612
620
626
622
612
632
611
631
619
621
611
633
612
620
743
685
693
732
636
709
693
646
623
651
624
654
691
951
1070
1096
1045
1032
1091
1038
999
893
1029
1074
940
910
810
651
651
610
636
612
1036
658
665
626
609
627
722
714
709
697
642
656
701
674
696
613
688
660
656
681
652
649
622
628
677
639
634
643
654
631
652
637
654
645
621
986
923
911
919
950
945
919
910
996
912
908
1023
913
926
995
991
900
629
656
657
628
663
639
636
659
685
645
670
646
647
620
659
624
657
656
656
611
633
624
652
614
661
696
624
619
679
626
649
641
660
647
662
669
654
643
681
617
674
639
625
624
620
612
623
610
620
618
642
611
622
627
619
613
611
629
628
604
633
610
621
649
661
622
639
616
692
614
634
626
632
642
665
671
640
619
623
678
645
896
679
643
660
681
723
705
833
933
822
813
1121
766
763
765
1342
1288
1316
1282
782
1071
708
756
729
736
703
684
739
678
687
650
822
658
727
626
640
620
647
628
961
700
677
665
681
625
625
667
638
634
677
667
655
691
631
632
711
678
631
662
632
738
668
681
620
635
654
705
657
666
700
627
710
656
615
830
615
676
657
623
645
907
697
946
1012
913
812
623
652
658
647
661
704
653
661
633
656
621
643
652
618
625
624
623
667
655
632
646
631
680
679
772
618
677
609
619
606
615
827
727
645
659
642
687
719
627
634
656
622
630
623
1000
975
807
946
999
791
945
622
809
688
650
660
649
676
695
632
665
647
612
616
631
685
627
654
671
661
681
690
619
618
624
623
616
624
706
637
628
654
685
663
684
655
660
1067
1064
1062
1065
724
1007
980
932
728
660
659
713
690
669
682
654
645
667
650
726
613
663
650
611
686
622
642
647
650
699
714
635
651
614
643
647
624
803
630
613
615
613
639
697
636
655
644
621
634
685
664
693
626
645
647
689
687
649
652
649
666
673
666
659
670
611
639
616
676
658
626
624
619
612
642
689
634
638
634
609
657
864
836
954
1012
922
965
945
625
656
665
657
662
682
669
627
672
619
667
689
662
692
642
667
665
617
620
637
610
654
666
659
613
626
638
668
911
1016
961
1007
629
612
633
678
643
664
653
654
651
641
654
663
652
655
663
653
673
658
660
657
664
629
613
626
627
671
647
646
609
659
643
636
630
646
652
645
619
659
673
632
695
668
767
622
661
701
637
671
662
661
652
660
675
669
658
669
665
676
654
667
657
664
658
670
676
699
663
662
623
695
611
651
645
678
684
653
649
661
648
705
655
694
693
645
647
637
651
635
616
643
627
628
620
648
646
647
636
626
619
642
626
625
632
643
632
614
628
640
613
626
629
627
624
621
640
625
642
653
676
659
681
717
664
631
647
643
622
625
635
614
637
636
664
610
628
613
650
616
632
643
621
628
657
675
632
630
631
650
667
627
624
665
654
655
774
1135
1154
1132
696
666
625
622
646
622
911
622
684
948
841
925
922
640
641
660
640
634
661
663
680
673
677
624
645
648
651
643
678
642
637
666
648
657
693
611
624
619
623
611
653
607
623
614
665
656
670
670
672
660
707
611
620
612
629
610
618
620
621
614
695
645
654
673
643
645
626
652
670
641
668
660
666
646
656
643
673
1072
1068
1059
963
641
662
634
622
615
621
612
622
663
644
633
652
653
652
676
653
666
681
642
623
612
629
639
614
633
936
728
970
985
951
773
1023
949
916
630
608
898
651
668
658
665
665
643
669
648
666
653
657
664
676
689
651
641
661
659
657
684
672
658
659
651
658
674
647
668
667
655
660
656
657
1069
1067
1067
1062
958
924
904
941
965
620
628
617
637
623
607
618
623
607
622
612
622
616
630
655
617
652
659
613
623
625
656
636
631
643
650
643
669
658
657
651
653
612
651
643
676
670
660
654
663
683
624
647
674
619
615
623
632
615
623
627
624
614
636
639
621
611
619
608
641
622
645
625
620
606
623
612
633
613
613
631
671
609
629
609
623
630
614
621
635
606
938
650
671
652
622
625
671
645
618
622
620
612
676
614
624
609
623
612
623
628
614
620
934
749
1110
626
649
693
637
666
993
917
632
610
637
659
905
651
677
651
657
668
645
651
654
629
643
638
632
651
634
662
648
655
645
643
676
662
638
655
620
656
637
659
663
625
635
677
640
648
612
620
620
631
629
645
647
669
644
622
670
676
673
650
620
766
662
690
660
676
654
736
656
666
658
692
679
661
669
697
659
652
642
672
647
644
670
638
643
664
624
627
611
620
610
622
610
616
612
624
611
621
619
648
991
1019
726
664
914
989
627
683
724
652
624
665
622
672
669
634
643
663
655
655
649
619
654
638
645
656
636
621
648
684
665
686
716
1097
1063
1059
1059
610
678
622
612
626
613
666
639
654
623
627
659
621
610
626
635
610
656
632
625
624
624
632
621
612
639
635
627
622
643
615
628
617
638
625
622
629
607
623
619
621
740
624
628
636
610
638
655
638
694
613
620
623
621
635
621
613
626
616
624
622
683
659
647
733
622
619
648
616
630
619
645
612
635
637
627
632
613
623
618
610
624
640
681
696
632
669
667
625
654
635
653
642
623
647
672
643
619
654
624
659
670
646
667
657
657
640
670
643
640
660
647
643
674
649
647
666
654
1062
1063
1057
1062
616
627
624
647
665
669
650
672
659
664
645
661
663
668
651
667
650
674
641
644
660
672
645
664
662
678
655
621
657
620
614
631
623
622
628
612
624
615
630
619
660
624
645
651
675
678
668
643
662
643
666
648
656
669
659
661
642
670
657
660
658
666
659
663
647
620
630
630
682
652
629
652
620
620
669
608
659
618
622
621
1048
654
672
662
675
652
625
620
627
646
647
625
656
637
675
645
621
640
653
642
655
647
674
647
655
619
649
660
672
610
639
616
623
614
642
614
625
659
662
644
659
728
627
618
635
879
994
994
647
678
646
657
678
658
691
676
673
660
664
667
674
642
670
663
673
663
672
654
673
701
621
631
620
642
661
631
618
611
707
658
622
632
627
620
630
663
629
643
635
639
622
611
635
612
617
627
612
620
614
628
621
618
631
619
643
622
638
622
607
623
643
625
654
663
665
1065
1070
1062
928
647
649
653
650
650
660
666
630
622
642
635
618
680
641
639
632
630
629
649
616
973
964
910
917
907
903
909
757
640
620
632
610
625
611
620
612
670
619
637
647
634
619
660
619
631
632
640
644
641
638
652
645
683
648
659
643
669
647
647
647
672
648
667
647
661
644
682
650
640
650
680
653
636
630
663
658
658
667
635
664
630
608
619
612
668
626
656
626
623
610
628
613
621
648
631
614
632
611
666
614
654
629
615
674
619
643
661
622
644
660
666
635
633
633
677
654
661
654
642
655
663
632
658
683
646
658
664
676
662
678
655
680
657
669
611
633
621
614
629
609
643
635
627
627
642
620
629
636
635
623
625
645
617
629
646
625
621
641
635
630
609
635
615
620
626
617
610
626
667
617
632
618
675
688
671
629
633
617
633
622
644
669
658
639
612
620
632
625
621
658
609
652
608
693
614
632
638
618
663
674
651
667
1095
1065
1057
1068
881
700
636
627
609
629
662
620
615
629
621
711
624
627
647
619
609
720
654
697
680
761
650
630
626
653
656
676
662
680
662
671
608
665
635
651
639
664
675
657
650
636
668
727
685
674
657
668
658
661
648
658
674
619
634
636
639
627
635
631
625
615
639
627
637
620
628
613
624
630
636
624
638
627
610
624
635
647
653
618
644
625
654
634
627
624
658
659
629
635
633
664
653
639
658
638
652
659
666
640
650
641
677
666
641
657
664
667
664
666
675
668
659
670
670
666
667
1065
1023
1031
1028
634
603
622
657
624
630
596
624
617
628
603
640
611
621
620
641
633
609
604
631
618
634
632
631
608
622
639
637
621
625
623
682
597
638
600
625
593
598
585
629
587
605
605
622
597
619
583
603
671
595
592
598
586
725
619
682
654
620
628
696
610
624
640
625
625
626
623
621
608
643
628
615
627
618
621
611
702
677
664
666
622
623
654
662
654
644
675
618
638
639
674
651
642
635
665
623
619
641
683
618
673
663
670
667
665
659
679
657
667
668
676
662
661
620
687
611
660
624
621
642
638
621
694
687
625
635
659
745
631
626
635
627
643
756
638
720
675
609
624
614
623
647
630
655
640
663
668
647
659
638
639
645
649
638
656
651
663
659
663
657
649
642
667
634
621
623
616
627
628
612
626
622
626
620
635
624
616
622
702
612
650
641
622
626
622
642
617
651
681
612
623
621
625
608
641
609
677
657
644
660
669
658
658
645
661
665
653
669
666
670
658
642
664
1124
1020
1023
1020
1007
895
621
632
628
618
637
619
631
619
637
615
654
634
595
625
609
599
615
611
636
642
637
628
627
627
621
627
624
618
627
585
600
595
614
638
644
613
612
628
641
593
611
625
629
640
794
665
671
662
641
674
791
653
674
669
644
651
641
650
653
633
662
637
657
686
655
665
652
648
645
655
660
668
680
663
620
609
632
636
670
662
625
656
695
645
641
646
659
622
616
657
676
617
640
626
631
656
625
655
668
642
675
647
665
644
665
667
673
653
659
647
673
642
667
641
653
640
660
653
1050
1044
1021
642
617
610
628
620
621
627
633
638
628
615
635
609
664
667
620
626
625
640
620
626
625
624
622
629
652
626
611
631
622
627
613
624
628
612
626
1017
1021
1018
1020
849
636
633
629
618
614
646
908
915
973
942
985
930
926
686
660
687
660
667
662
686
662
668
657
678
666
676
660
643
653
655
656
1120
1063
1066
1019
942
596
631
589
642
617
625
620
617
625
621
593
597
599
625
588
602
613
644
585
624
623
668
680
651
611
624
617
621
613
669
639
649
658
662
632
651
608
672
649
622
672
766
979
915
904
987
944
924
972
908
956
627
643
712
626
646
663
654
660
666
651
656
644
650
666
658
614
626
648
628
626
630
641
626
625
647
644
746
653
615
645
659
674
639
668
669
661
650
659
617
621
610
635
646
637
613
645
637
625
624
631
623
619
654
656
643
702
623
927
962
942
981
998
974
990
983
933
941
936
969
923
961
947
929
977
935
947
918
961
662
634
644
626
636
623
652
633
635
645
640
614
624
646
615
628
612
618
622
631
636
1011
1036
650
641
675
630
628
609
632
614
618
620
631
634
669
638
621
641
626
981
639
621
618
621
632
610
619
635
671
645
653
668
623
617
676
638
657
674
734
633
657
654
671
638
675
655
660
688
653
656
654
640
657
663
672
663
635
625
647
623
635
640
632
678
633
626
631
643
625
683
656
674
669
657
667
1064
1064
1026
1019
930
655
915
827
971
873
879
925
931
882
865
897
879
600
630
612
603
630
613
618
632
643
619
606
607
611
597
596
593
613
603
633
620
604
592
588
596
582
607
585
900
660
611
600
586
601
602
614
622
603
618
631
586
607
614
640
618
593
602
604
605
600
602
598
604
596
629
597
616
595
617
596
606
609
609
606
632
595
598
593
596
583
608
608
587
597
592
600
640
599
616
620
606
639
634
623
642
632
638
613
629
641
632
627
633
622
644
622
650
630
629
628
629
617
675
627
622
631
642
634
631
628
639
627
1034
1027
1026
1018
841
686
621
640
637
644
648
624
638
629
640
587
621
624
611
618
622
631
630
622
651
612
598
588
607
590
599
609
600
593
607
593
639
625
611
601
589
610
611
596
591
591
632
694
618
624
601
628
629
667
675
624
626
651
620
625
627
606
656
637
654
647
653
619
673
639
649
623
611
646
613
622
619
619
616
619
610
619
612
637
616
619
606
650
622
654
629
639
639
641
690
670
630
641
660
678
685
648
659
654
657
654
643
662
675
667
667
665
663
669
658
623
659
662
638
655
641
620
645
660
617
658
639
660
644
686
648
682
886
654
657
747
657
630
613
645
621
623
665
661
637
629
610
620
627
622
634
630
645
639
620
622
612
659
664
659
664
640
641
671
629
655
640
649
647
654
642
623
620
662
617
651
652
923
912
954
930
925
934
621
625
619
674
664
652
626
658
631
636
630
673
658
657
609
620
617
616
620
628
658
646
757
627
618
643
661
647
615
637
654
635
622
646
667
648
672
646
614
646
658
694
627
624
607
654
642
632
643
683
678
660
607
668
660
658
653
667
662
665
665
667
650
664
647
688
659
652
1070
1022
1017
1020
956
653
622
636
615
634
602
658
608
644
585
601
621
632
615
631
613
635
613
612
642
619
588
596
587
612
643
628
640
630
615
632
613
624
626
643
622
1057
1018
1022
1015
1006
650
630
644
603
614
649
614
642
622
590
597
591
584
597
583
596
593
594
593
642
582
594
586
592
594
588
599
592
603
596
599
598
596
598
609
614
603
589
614
587
593
583
602
940
624
674
656
652
658
666
669
676
660
673
650
673
665
658
659
649
657
630
636
662
666
620
681
653
671
661
659
655
675
638
638
629
635
846
768
922
888
968
913
873
888
613
933
648
626
629
644
679
668
666
662
675
658
647
656
657
662
648
657
662
658
653
666
625
646
633
645
642
628
626
625
1062
1028
1015
1023
651
649
614
621
642
629
653
621
630
595
632
622
639
664
672
642
633
621
608
657
625
655
637
678
619
628
617
623
640
630
855
643
640
646
638
624
625
640
675
689
663
648
634
670
612
618
630
609
624
626
661
640
661
618
664
649
622
669
672
653
658
639
659
671
700
667
633
664
654
663
649
653
661
655
652
657
647
676
625
611
623
608
624
624
627
620
621
615
679
667
663
638
656
612
687
642
622
642
662
635
673
645
648
644
639
661
654
611
651
669
675
657
666
654
679
621
648
657
653
643
661
608
653
637
650
607
641
631
616
613
675
645
674
638
1149
618
621
657
678
632
690
675
627
643
651
625
659
628
648
654
649
617
651
656
685
682
654
638
634
608
668
622
638
636
660
648
658
612
619
724
625
621
671
629
627
694
660
644
659
675
634
654
675
644
654
663
648
652
644
653
646
627
635
654
646
663
645
667
669
665
641
636
612
648
652
639
652
651
666
637
638
656
660
654
618
609
652
607
618
620
664
695
617
649
1014
935
921
975
948
911
636
642
696
655
640
661
652
665
693
650
660
652
678
657
628
643
643
617
633
1057
1021
1025
1021
872
612
597
593
597
596
594
639
600
589
624
609
595
596
599
963
596
587
598
622
615
586
613
661
638
620
639
586
596
601
594
584
593
586
650
632
635
636
639
1037
1027
1018
1029
857
625
613
652
620
644
611
638
606
621
644
643
608
614
585
650
614
635
640
596
578
598
595
597
604
612
596
590
582
593
586
592
594
596
593
584
592
593
588
590
612
582
595
590
613
581
630
596
597
584
602
599
771
980
983
719
604
623
635
643
589
636
631
639
623
607
633
599
643
632
630
600
619
611
675
589
643
650
650
638
1073
1021
1021
1019
985
621
635
633
629
639
632
628
620
635
632
636
642
625
624
637
623
622
612
594
624
633
624
621
630
645
631
585
637
616
620
632
628
647
637
615
622
596
627
592
651
605
637
875
636
615
603
586
603
594
593
595
593
591
593
631
662
629
597
616
596
624
630
601
642
604
636
605
624
628
606
617
635
584
623
620
600
611
598
582
629
1065
1022
1021
1038
1019
888
618
626
639
622
646
656
609
624
632
617
611
614
613
595
612
631
641
614
631
628
623
611
595
633
628
641
627
644
649
631
632
629
621
621
636
625
998
1016
1020
936
596
984
948
920
620
617
624
626
597
590
625
615
634
678
638
631
590
627
621
596
634
638
628
626
626
627
630
618
620
613
753
604
597
603
595
597
622
583
625
638
640
640
811
1004
992
603
611
597
598
588
594
586
643
589
629
640
619
628
683
646
656
648
659
657
668
671
651
656
666
652
675
634
653
669
699
655
1061
1070
1070
1020
652
592
603
617
629
615
626
632
630
628
645
619
628
631
644
648
628
632
643
625
638
626
626
641
620
647
946
879
897
884
892
884
748
652
595
621
622
634
661
598
587
608
594
589
606
589
598
593
604
595
627
623
636
654
593
599
657
595
591
637
597
632
592
594
583
636
616
639
630
634
622
698
623
603
595
620
599
603
653
636
623
676
666
625
600
586
592
626
586
602
590
598
593
617
599
633
602
610
616
600
606
608
588
603
586
594
592
616
636
605
601
602
592
603
592
629
604
598
617
591
586
593
586
602
594
593
594
601
597
669
598
603
629
646
600
616
598
606
636
669
589
594
600
599
586
609
586
597
601
588
598
604
584
595
602
598
600
604
589
599
606
594
588
600
621
589
607
601
597
590
590
594
607
716
616
593
621
588
603
615
599
604
601
627
645
642
622
621
640
631
625
621
627
625
611
626
622
615
618
619
607
611
605
608
622
590
610
599
599
598
611
588
594
585
985
625
669
669
640
657
664
653
671
724
640
635
607
620
635
607
618
624
651
653
620
670
622
610
623
618
655
640
625
655
665
647
665
653
676
680
1073
1056
1056
1061
775
656
782
662
652
658
663
645
652
645
663
653
652
654
668
616
619
623
624
649
631
639
666
644
644
639
685
629
666
665
632
635
670
658
668
655
1063
1022
1036
1018
608
587
597
607
606
621
628
637
596
594
606
604
626
599
597
650
624
597
594
625
591
597
589
600
586
619
587
607
600
596
627
602
603
592
600
599
599
597
593
586
595
582
594
638
633
641
644
629
988
984
597
594
624
603
584
592
597
593
586
594
584
594
593
595
614
582
596
603
592
597
593
609
596
584
638
641
618
630
622
1049
1017
1023
591
591
623
625
584
626
623
638
590
599
597
590
618
637
630
629
620
628
610
624
711
646
631
627
624
629
605
626
589
616
620
623
608
637
622
620
601
639
603
620
620
626
631
629
586
612
596
619
663
627
610
633
629
1010
989
590
629
612
601
615
615
607
612
621
599
604
601
608
590
617
602
604
610
615
598
612
591
646
608
613
617
616
589
602
595
595
619
623
628
885
635
607
596
996
939
926
597
593
587
594
586
589
605
627
625
657
637
626
625
627
630
591
648
632
641
640
641
632
639
647
644
664
642
646
621
628
717
627
639
644
608
607
626
627
627
639
650
631
666
669
657
654
667
691
669
651
670
639
623
609
645
652
619
624
622
614
637
608
659
655
641
629
641
664
656
622
617
628
646
913
627
667
737
638
643
643
633
621
659
614
639
620
637
655
640
615
636
620
635
627
650
655
650
631
676
645
642
676
620
611
623
630
622
657
655
655
660
1082
1022
1014
1021
922
838
622
635
620
622
620
622
583
607
609
597
582
609
582
912
904
927
879
952
879
912
915
597
594
594
592
620
606
618
587
630
630
619
639
646
625
625
626
638
620
625
625
653
628
614
597
588
613
616
632
635
622
627
615
700
625
638
634
624
629
649
622
621
629
613
641
621
629
634
621
638
625
651
665
617
623
611
620
607
622
621
929
974
948
780
965
912
920
907
670
645
655
666
666
669
663
648
663
650
667
666
668
684
658
642
669
659
663
649
666
668
660
1066
1065
1018
889
788
636
625
648
628
628
616
646
626
621
634
640
647
655
585
645
631
633
666
595
619
633
612
626
627
641
593
639
609
619
608
613
594
622
625
614
604
633
628
644
630
625
648
629
608
643
630
632
613
648
597
632
621
629
609
635
626
614
625
625
623
618
627
629
624
615
638
628
628
602
635
599
644
627
606
653
640
646
619
637
591
641
638
621
609
930
873
913
924
923
886
919
970
938
916
895
896
942
948
906
936
896
917
814
598
584
593
585
595
590
593
631
609
599
605
586
596
592
594
596
593
615
842
616
636
627
628
634
625
611
619
614
624
619
633
617
632
613
621
619
637
631
631
621
638
636
626
621
644
627
640
635
641
618
642
631
647
1058
1019
1033
1028
998
667
605
625
732
627
621
637
620
621
623
636
620
633
616
648
609
640
632
636
621
633
647
640
640
633
610
640
646
633
620
593
616
593
608
613
633
613
624
615
647
607
626
672
994
930
604
659
596
632
627
615
629
610
604
630
637
636
627
633
631
628
628
637
625
642
625
593
594
598
629
594
611
614
665
645
600
629
642
1044
1018
1022
1022
894
886
588
607
613
633
633
601
617
623
617
609
631
604
609
612
608
622
608
628
608
633
628
626
633
594
583
652
615
635
632
622
629
629
622
632
626
598
620
632
623
621
637
594
605
656
603
692
645
638
626
656
661
666
635
656
662
647
628
643
644
689
653
652
639
659
639
656
612
622
610
630
653
629
610
634
614
621
613
615
627
623
638
658
657
635
945
739
667
671
659
666
649
630
678
646
664
664
678
655
658
656
662
642
658
655
674
638
655
643
667
642
669
656
663
665
647
658
629
640
625
634
614
623
658
665
923
658
680
655
667
631
626
622
651
626
662
651
652
668
621
630
655
638
669
681
642
650
656
668
656
654
661
665
649
662
655
667
657
649
660
1101
1062
1021
1019
835
710
589
666
605
610
655
639
633
645
672
635
626
634
623
649
641
631
626
638
632
639
622
645
637
628
619
645
623
617
608
605
597
596
592
602
634
1049
1063
1063
1059
947
683
713
655
657
615
656
646
717
683
675
644
663
642
675
682
735
711
690
720
700
678
682
621
623
647
626
648
666
643
659
667
616
637
660
650
654
651
666
650
663
639
610
619
623
624
638
695
685
624
624
612
624
621
707
637
622
632
624
640
616
652
638
676
634
627
628
636
622
627
631
646
613
644
642
637
613
628
621
644
661
650
736
615
641
697
674
639
622
641
671
615
667
696
643
656
646
665
653
683
674
689
663
740
643
658
726
672
653
672
662
655
646
671
658
628
611
620
609
621
608
1005
918
926
946
861
922
938
915
925
896
950
927
891
753
845
765
896
881
889
603
596
583
591
600
627
614
621
588
1048
1019
1024
1024
836
627
640
669
625
616
633
586
649
600
620
624
643
599
596
616
628
632
626
598
585
607
591
595
605
618
584
694
586
599
581
616
586
596
587
591
643
630
596
586
598
602
641
658
711
670
792
681
669
682
656
673
657
649
622
652
653
645
625
673
631
626
626
639
629
651
647
683
640
642
674
624
631
671
631
657
645
627
632
648
627
623
612
633
609
624
678
691
682
663
637
658
661
644
665
665
649
653
643
634
630
760
613
638
643
669
662
659
660
663
624
632
657
639
630
637
637
639
636
659
643
637
627
650
620
667
637
633
646
632
634
631
916
642
624
642
623
636
610
636
632
641
658
660
684
676
656
672
667
668
669
699
671
672
654
667
656
663
690
661
670
661
672
667
664
668
1055
1022
1023
1021
851
643
635
624
607
592
594
598
595
596
584
598
592
603
602
594
599
607
590
594
641
595
597
601
595
596
595
593
593
610
676
656
640
653
642
667
652
657
665
624
666
838
630
624
643
666
705
665
630
649
661
640
633
620
633
634
680
666
666
691
684
672
685
653
656
687
696
654
667
655
667
656
679
681
670
656
1075
1070
1063
1062
635
614
628
707
639
691
643
636
680
689
668
666
669
650
667
647
669
640
660
667
669
646
617
648
683
613
622
610
622
627
628
608
622
621
610
624
631
609
623
620
619
619
625
620
622
672
651
792
994
1021
929
779
623
638
620
645
618
620
609
687
662
663
643
658
644
654
641
655
658
650
659
659
664
649
672
656
656
666
661
1060
1020
1022
1019
659
968
973
982
593
879
998
1002
648
594
594
598
600
592
660
588
599
606
607
602
581
598
591
632
611
607
610
599
585
594
594
584
614
587
603
594
596
590
600
984
617
638
614
606
621
598
601
600
655
631
672
698
662
638
651
609
619
610
879
936
910
1000
949
907
933
953
940
916
892
884
879
872
915
864
912
918
885
890
891
892
879
868
894
870
931
591
613
581
620
635
635
611
628
634
633
627
606
612
618
640
623
621
624
589
612
624
618
613
644
627
628
608
604
593
609
621
590
606
593
603
587
598
584
624
614
621
623
636
652
646
623
621
639
653
638
621
649
643
657
704
646
677
649
656
690
652
642
622
657
632
639
664
658
647
620
645
640
673
673
631
634
640
654
687
667
682
653
660
662
652
645
672
657
666
658
667
668
663
651
659
651
633
615
638
635
638
622
598
620
632
586
630
604
652
598
599
634
603
609
634
614
616
632
653
626
624
626
677
618
630
628
663
640
635
614
655
642
633
641
643
621
635
624
650
619
642
632
628
630
648
653
661
645
723
622
625
717
634
626
663
718
633
641
657
622
625
608
653
653
665
667
655
618
659
610
626
624
639
614
628
612
622
611
623
661
611
623
618
635
679
661
650
665
651
621
661
625
623
614
663
665
633
653
672
669
659
632
673
646
642
1021
643
621
650
661
644
661
659
670
656
655
675
639
666
656
666
664
648
665
663
1104
1026
1026
1030
1013
885
652
630
632
630
622
617
628
639
633
626
635
614
631
617
637
620
635
632
645
614
627
630
627
621
647
652
622
633
638
638
632
616
639
627
1054
1031
1021
1022
1003
848
645
616
647
622
637
792
891
851
872
647
888
915
908
667
598
585
624
586
587
593
598
586
601
585
600
597
638
597
594
585
594
587
598
602
593
591
603
583
592
616
595
585
622
612
612
592
631
658
654
641
619
627
648
618
626
631
635
624
632
637
626
614
630
640
643
643
635
660
638
630
624
624
676
639
625
637
612
636
613
622
642
625
618
635
629
636
649
615
647
641
637
645
635
674
657
653
646
660
624
664
627
648
632
665
643
636
613
652
617
631
620
643
613
626
617
623
612
624
614
628
607
659
676
634
648
639
665
649
656
665
653
664
650
677
669
664
678
667
658
672
659
677
661
668
655
660
645
654
646
661
647
658
645
652
641
653
1084
1069
1061
1018
1009
619
619
637
620
631
630
626
622
628
624
632
607
631
631
620
621
637
613
623
617
622
614
626
643
637
615
626
616
624
612
629
625
626
615
623
1015
1023
1030
1013
654
651
589
630
621
592
965
884
891
740
826
893
717
782
939
884
887
777
599
585
595
582
595
583
590
602
589
595
591
594
590
592
597
640
614
641
618
628
644
605
627
617
618
637
601
627
623
599
667
616
613
629
642
631
613
608
603
616
636
618
654
600
629
619
638
620
635
629
632
632
623
626
639
629
1051
1018
1021
1015
862
608
629
626
604
636
641
620
642
614
639
623
629
630
628
599
594
626
632
586
643
588
647
627
626
617
609
630
650
605
609
615
605
599
614
602
615
612
605
614
636
602
610
605
611
616
910
625
637
614
622
611
628
627
620
629
636
613
627
614
631
635
628
630
639
619
631
627
629
630
623
636
619
630
633
624
623
626
629
626
635
627
1032
1021
1016
1021
824
694
643
631
656
631
660
651
639
637
634
627
640
618
630
641
629
632
622
633
644
625
638
622
637
651
621
634
628
631
615
653
614
627
631
628
1052
1028
1022
1026
830
698
966
882
874
880
834
641
630
611
586
596
600
592
593
594
583
595
615
653
625
625
627
642
630
623
615
638
620
630
620
639
621
630
621
626
1028
1027
1019
1023
872
676
607
645
615
605
640
635
624
639
631
661
642
635
632
641
628
637
636
637
619
634
623
634
614
636
618
626
619
621
628
626
623
627
616
620
1068
1020
1020
1017
867
607
635
592
958
971
704
590
622
683
617
598
599
595
599
602
630
610
615
601
612
605
635
635
614
601
623
638
625
648
634
608
608
641
613
602
622
619
646
614
596
649
623
735
604
965
1004
623
600
603
595
584
595
585
593
612
582
614
658
596
629
637
622
622
621
622
618
647
637
631
638
629
641
638
645
627
631
631
645
1060
1025
1028
1038
1020
922
625
633
622
632
613
644
614
611
616
650
629
615
633
642
635
638
612
604
602
636
626
615
625
593
630
626
632
649
647
626
619
628
605
623
638
632
1059
1023
1021
1025
1017
852
613
632
616
617
663
631
650
627
614
638
617
608
607
605
586
647
626
604
795
935
899
678
602
639
603
626
638
634
631
593
648
608
637
617
622
606
642
613
633
619
597
608
603
666
672
641
604
615
618
612
654
652
647
622
631
677
667
628
620
614
658
656
674
654
654
649
651
637
661
673
645
634
622
625
650
658
638
637
650
641
626
628
617
605
631
607
624
637
624
617
646
682
625
631
634
637
623
625
658
618
667
612
667
656
649
638
620
628
652
656
662
627
636
625
646
666
641
648
661
667
650
949
1004
918
886
867
878
881
886
879
881
977
907
898
885
890
898
681
887
894
875
876
878
879
909
902
897
876
875
881
871
879
874
885
965
876
901
630
590
606
623
759
947
939
597
590
682
592
582
592
588
600
583
595
618
632
631
654
637
639
641
587
595
595
619
606
625
592
659
605
603
601
587
608
582
595
592
629
647
674
597
601
998
990
592
596
586
595
984
618
617
641
642
585
611
592
613
632
601
596
611
586
597
600
586
602
613
601
598
609
610
596
591
612
592
599
620
599
580
622
588
835
864
999
590
641
714
630
632
612
597
613
617
640
650
631
620
637
629
635
625
604
637
625
604
642
590
615
621
604
638
616
617
623
644
624
623
610
586
613
592
616
583
594
585
592
615
633
657
638
615
621
640
629
636
641
621
631
620
641
655
624
633
631
637
625
622
628
627
618
641
625
633
627
629
622
632
628
626
635
631
1063
1023
1019
1016
659
609
594
642
632
630
640
638
631
679
626
624
658
652
666
626
627
666
609
625
646
654
649
661
633
663
666
670
623
611
633
620
667
688
676
660
1110
1061
1065
1075
1067
884
611
652
659
1032
1049
651
640
671
650
645
651
654
657
654
644
641
656
666
645
651
631
642
622
630
649
677
635
618
632
652
647
654
634
673
1065
1072
1068
642
669
1015
1025
699
648
665
625
619
665
667
624
964
919
936
989
992
935
902
892
794
950
895
894
636
582
678
613
674
605
595
607
610
626
626
663
629
645
647
646
606
608
626
627
640
624
616
665
638
642
618
650
636
669
630
652
683
644
661
626
655
659
669
665
669
673
621
611
630
623
609
639
649
620
621
619
619
917
651
658
660
649
654
657
657
668
661
666
653
688
663
653
652
622
617
671
648
684
669
656
664
675
658
668
657
669
663
668
664
668
658
665
1065
1067
1066
1073
666
624
614
660
622
639
677
657
653
670
659
660
646
661
648
672
654
661
646
667
640
670
667
654
660
650
656
657
645
661
669
655
651
668
647
1067
1064
1069
1065
914
649
623
650
649
640
653
640
623
684
647
646
656
652
653
678
670
659
659
619
629
631
630
649
628
641
630
597
609
607
611
628
586
623
586
593
580
603
585
597
652
628
631
622
632
627
642
650
643
629
635
624
631
623
629
628
632
652
633
639
641
638
635
628
618
653
615
631
627
625
618
642
641
631
631
1054
1029
1014
1019
873
754
660
678
651
643
628
641
623
615
651
624
625
626
627
638
638
630
648
632
641
636
646
626
641
642
636
631
643
651
640
626
654
630
638
631
1068
1019
1018
1022
842
628
633
587
633
614
601
604
606
596
747
585
599
588
608
613
598
588
592
600
618
607
594
602
613
613
610
613
655
618
609
631
628
624
626
615
631
631
1054
1024
1023
1016
1018
652
617
641
585
629
630
640
630
626
639
665
624
634
626
633
616
632
625
629
619
639
644
620
632
635
631
625
629
610
629
629
633
631
609
630
595
646
648
631
623
622
639
685
670
665
647
667
723
694
667
1014
935
969
825
948
924
900
914
921
926
913
921
891
947
583
600
642
631
644
625
595
621
595
628
628
643
617
589
630
620
628
625
639
620
605
620
615
621
648
605
608
625
619
618
633
616
627
617
596
618
601
608
627
620
631
637
624
602
636
618
605
586
598
588
598
584
626
617
645
587
738
601
626
597
610
615
649
638
621
665
642
616
633
645
632
632
636
643
669
991
921
962
685
643
632
615
634
653
651
613
669
609
672
680
670
1065
1063
1062
1066
860
641
667
676
647
667
661
680
663
662
660
688
647
654
648
673
641
657
647
671
646
653
695
633
632
644
666
627
644
628
636
640
650
622
638
640
612
625
627
622
616
626
618
619
638
755
610
622
651
610
673
614
624
623
661
622
624
648
625
616
627
621
624
605
640
641
622
661
651
642
663
635
643
629
651
640
678
668
652
652
641
640
652
697
642
633
632
634
640
626
703
990
990
1001
644
648
716
685
621
636
633
610
624
641
635
638
668
623
681
644
646
658
652
642
639
653
675
657
685
650
649
633
628
624
643
627
618
613
656
630
657
613
623
635
660
673
1006
1035
623
635
651
611
611
621
658
654
680
642
655
653
642
663
653
662
682
614
655
669
645
636
626
677
650
626
620
621
622
634
614
668
612
632
695
624
645
1010
1038
640
623
815
622
619
627
623
620
622
626
627
660
622
611
645
611
658
663
656
779
618
626
636
613
667
649
627
611
624
609
620
612
620
610
629
609
623
765
1006
982
647
659
949
1015
912
941
915
642
674
666
656
657
1022
609
664
656
653
639
631
617
633
631
647
631
642
632
631
631
636
632
621
628
657
641
632
645
620
904
992
931
640
644
933
1015
903
609
624
638
650
642
641
649
663
661
647
643
666
614
672
636
660
648
649
646
618
641
622
657
677
644
624
650
658
633
653
682
619
611
624
609
620
627
620
622
619
626
619
635
639
657
685
664
677
722
657
656
643
663
650
655
651
657
674
658
652
688
669
661
655
684
681
1070
1063
1064
863
674
662
662
654
662
673
666
647
690
671
653
651
669
652
659
645
620
625
622
615
646
613
620
610
620
611
618
654
623
622
622
647
656
622
634
623
632
661
658
630
695
612
670
633
620
613
680
652
639
663
672
613
652
685
651
646
668
644
677
633
652
640
635
636
641
655
680
648
635
650
640
622
639
639
657
672
632
620
623
646
654
612
956
653
661
654
631
611
628
609
640
616
618
624
627
613
627
617
636
650
638
626
629
617
627
614
645
624
616
636
617
633
619
621
622
626
620
621
628
626
610
661
617
663
613
637
658
627
684
657
678
655
666
657
674
653
664
647
670
657
645
664
608
631
633
662
648
618
636
656
659
645
643
620
643
671
659
653
646
639
611
664
631
660
622
622
929
950
927
1004
820
712
965
936
1001
933
623
626
619
621
651
661
648
667
632
654
644
677
646
645
653
667
642
628
629
628
656
656
1061
1064
1062
941
658
649
640
625
642
665
637
624
634
638
642
669
654
680
654
636
659
644
628
645
645
653
628
672
646
690
637
650
641
659
639
658
669
682
637
672
640
653
640
649
645
625
640
633
618
622
667
615
1004
965
964
931
924
933
957
914
930
692
735
937
979
828
625
611
615
595
599
596
618
630
621
644
632
627
622
622
640
617
620
646
642
597
677
618
655
627
594
613
641
589
629
667
625
603
648
612
625
655
619
626
611
629
616
604
608
635
653
619
619
604
594
587
607
617
640
632
603
623
641
791
643
653
663
635
835
888
877
888
595
616
628
629
641
624
638
629
630
628
636
617
630
652
620
620
643
639
632
630
641
632
625
633
637
615
1027
1020
1027
869
992
929
962
583
598
586
601
595
605
606
606
589
605
615
596
616
610
597
605
595
603
607
608
600
600
591
626
604
608
612
599
623
606
621
609
597
591
608
588
596
589
604
624
596
619
622
627
662
674
669
710
645
662
659
689
663
654
651
670
636
653
658
625
625
609
635
617
614
629
619
608
635
612
625
621
618
613
655
633
672
676
633
629
634
631
631
666
969
659
673
654
674
657
1040
1032
624
664
658
661
636
652
618
607
634
641
653
638
659
668
657
675
644
862
629
624
652
653
654
643
674
644
672
649
625
637
669
681
740
608
625
618
663
1027
1058
655
652
808
652
659
666
684
677
620
656
622
643
642
655
621
638
615
646
618
636
633
619
633
633
621
625
617
636
627
652
635
656
679
802
633
621
655
618
621
617
669
644
621
649
621
609
622
643
659
638
622
658
647
640
673
649
675
644
613
620
621
691
647
650
655
658
636
650
647
1062
1070
1062
1065
942
655
658
668
646
670
660
683
662
675
653
658
650
682
675
676
657
648
662
668
656
676
676
654
660
644
652
659
646
666
644
654
651
658
1101
1065
1063
1071
1052
671
668
660
643
663
645
658
677
684
662
657
646
669
652
658
627
653
623
677
623
621
659
687
643
663
620
651
653
667
650
654
670
670
653
663
1099
1062
1063
1060
826
672
631
633
617
636
644
627
622
595
590
634
639
641
628
640
634
641
639
637
646
644
627
654
585
645
627
592
643
595
610
598
605
620
595
624
602
593
594
600
593
587
747
590
623
616
598
608
601
626
624
636
650
632
631
636
616
623
628
628
630
628
631
631
629
634
639
616
631
621
626
621
628
631
624
612
633
1057
1016
1020
810
726
642
625
652
621
622
641
630
624
639
632
648
964
953
628
633
637
653
622
643
639
647
623
670
646
646
675
642
678
671
637
645
671
651
660
653
652
649
622
662
656
623
632
647
618
632
628
627
624
648
630
634
615
654
658
640
635
621
609
622
622
664
626
624
620
665
616
631
619
628
623
622
618
606
585
609
583
594
613
594
590
599
613
858
605
629
652
619
614
600
593
595
591
600
653
619
630
624
624
614
624
615
620
619
626
621
601
613
626
614
610
648
624
596
631
597
620
594
645
630
641
1017
1020
1021
1019
645
627
630
614
620
597
594
636
630
622
618
601
624
629
645
605
620
616
626
639
653
618
602
602
614
629
612
599
584
636
596
607
590
592
594
597
584
632
632
610
616
626
617
640
671
644
656
646
657
617
604
624
616
652
643
629
667
654
677
657
645
654
619
636
661
644
648
655
643
727
626
648
651
662
627
660
678
650
614
640
659
655
636
991
691
651
642
643
668
667
655
672
628
675
697
654
665
671
655
674
657
665
676
668
669
666
668
671
664
665
684
674
671
660
670
661
667
656
1065
613
654
662
641
656
651
649
642
682
624
623
612
635
608
619
634
647
635
628
624
618
621
634
617
609
635
611
626
611
629
616
624
624
626
622
616
628
608
621
622
621
623
631
643
625
621
707
1013
1025
629
648
624
656
656
636
653
646
620
659
665
646
660
673
648
642
653
645
640
627
631
610
638
628
629
623
688
661
992
931
927
906
934
917
929
935
870
835
939
919
955
983
906
908
913
911
911
872
920
707
971
941
916
906
715
874
835
920
887
889
588
605
613
587
607
602
601
615
619
627
630
624
597
613
617
637
626
612
602
596
670
647
668
658
677
721
656
645
673
646
660
642
652
656
653
657
1069
1061
1063
890
657
667
665
858
651
645
633
665
651
672
677
660
656
650
675
658
652
666
656
661
643
656
656
659
656
670
677
654
668
643
673
655
658
1065
1065
1065
869
673
652
646
629
674
617
622
621
624
621
618
608
634
650
677
629
625
635
621
628
662
661
668
615
663
644
623
614
622
657
675
687
623
651
645
632
667
638
664
684
659
747
652
623
671
659
674
667
665
659
681
675
685
627
626
660
625
661
660
641
660
647
661
615
612
624
621
609
623
611
628
620
616
666
620
633
642
631
655
645
651
640
648
633
649
642
765
633
681
666
667
654
648
641
687
659
662
672
683
671
661
658
686
664
668
668
666
647
660
659
707
659
644
662
678
663
650
656
670
663
629
667
642
619
631
664
614
620
621
621
620
632
658
638
675
634
663
671
664
617
628
611
619
673
621
651
657
642
644
924
980
1010
947
945
917
904
930
910
895
902
870
667
659
628
613
601
616
605
658
604
599
630
610
606
683
599
627
647
640
650
636
624
639
628
625
638
613
673
585
626
639
612
587
592
582
596
637
631
689
751
982
900
668
828
803
886
843
795
734
659
874
872
895
621
629
623
599
637
613
596
599
592
592
618
637
624
626
626
620
629
635
622
633
597
621
629
621
588
598
617
965
612
630
643
637
640
671
637
631
638
610
626
631
640
631
619
632
636
626
623
631
617
639
642
643
616
606
613
602
590
598
597
595
637
588
600
607
596
598
595
584
600
592
589
593
595
613
611
625
615
614
626
640
610
629
603
624
585
595
583
613
607
633
620
622
619
612
619
639
628
630
621
631
627
624
632
629
623
631
618
654
630
632
1058
1022
1017
1020
1018
866
622
641
612
640
631
652
619
635
625
639
626
633
628
626
620
635
624
640
628
621
612
623
614
654
631
627
636
629
616
631
630
600
596
605
589
619
594
590
582
596
581
594
640
936
913
995
589
883
977
991
598
602
587
597
591
597
617
617
621
614
594
595
618
630
597
618
628
638
634
640
595
622
631
618
610
643
641
611
718
586
629
606
875
919
893
598
617
870
952
864
594
594
628
649
615
606
640
613
629
623
642
625
640
615
652
638
666
648
654
671
626
613
677
643
658
655
1093
1071
1066
1060
1064
923
656
648
661
649
646
633
650
902
921
905
1056
921
932
928
627
610
624
649
638
630
621
623
623
614
627
613
627
613
631
620
620
1079
1061
1062
1059
666
661
674
656
660
674
651
677
664
658
654
653
644
656
638
677
672
648
641
661
640
647
643
659
644
657
648
665
641
654
642
654
649
672
1074
1074
1055
1065
772
666
680
666
649
647
691
671
660
661
619
640
634
649
623
616
669
660
654
644
661
650
664
623
674
643
664
615
649
652
619
621
640
629
651
636
621
631
642
621
643
711
656
652
631
661
673
681
663
664
665
681
678
670
638
671
666
655
674
655
690
680
669
665
656
669
662
653
648
652
624
668
644
645
637
659
646
625
663
650
641
640
637
907
663
650
675
674
672
656
673
659
661
655
670
665
662
659
655
654
656
641
667
657
655
663
659
664
659
1081
1095
1087
667
647
651
680
647
656
675
613
649
615
624
611
657
623
667
658
666
671
674
652
671
671
665
659
660
685
670
655
669
670
670
679
677
674
666
657
669
671
666
670
655
679
661
1072
1023
1032
1022
607
589
593
601
599
611
842
978
822
604
629
640
629
618
624
610
616
691
638
616
599
599
583
647
651
630
646
627
638
639
645
634
638
630
662
627
633
623
593
582
596
625
620
622
637
604
601
641
614
624
617
608
631
627
631
634
622
609
608
586
597
593
594
590
620
638
631
610
625
645
626
631
642
628
625
616
639
632
631
620
1065
1019
1022
994
876
617
594
635
601
589
614
615
643
650
654
640
639
665
671
642
648
618
638
654
665
646
656
657
656
654
656
644
654
650
653
643
658
656
616
625
661
658
624
644
639
624
617
646
641
607
635
641
654
662
623
674
612
643
616
619
623
629
612
631
612
626
668
624
643
670
660
654
656
659
664
642
654
652
641
629
616
617
625
608
619
621
610
634
609
640
670
671
624
652
610
679
665
658
648
620
622
649
658
658
684
672
634
610
624
642
659
667
645
647
667
614
646
653
657
658
656
656
662
1065
1064
1071
963
660
663
647
650
656
654
663
661
668
660
678
646
660
660
674
646
661
659
677
645
650
660
668
644
659
647
667
653
654
657
659
645
651
1108
1071
1116
1115
985
755
643
680
718
683
641
676
668
656
638
649
692
694
674
690
710
692
666
653
638
652
651
687
687
674
635
671
669
694
722
645
656
678
663
667
645
650
650
649
647
646
691
731
683
670
662
647
662
698
704
699
672
690
692
693
705
683
688
686
677
713
688
676
694
677
726
685
684
683
686
730
694
675
681
670
677
675
731
721
734
686
702
701
703
711
682
697
709
742
721
752
718
727
730
721
747
716
734
729
786
714
711
689
776
723
736
739
739
716
731
717
1151
1160
1205
1233
1111
757
718
701
724
776
732
729
784
764
765
733
732
795
725
763
753
756
752
757
749
730
774
747
763
754
775
735
755
742
777
1224
1234
1221
1096
770
752
741
817
761
721
769
769
740
754
753
768
770
780
759
771
751
757
747
771
806
760
758
755
758
766
766
763
752
743
753
715
766
758
714
697
718
719
713
765
730
737
719
730
730
760
774
773
716
729
743
776
765
722
762
739
760
778
743
730
746
749
729
704
718
747
766
754
803
764
1275
799
812
818
797
803
808
809
806
837
826
804
782
799
804
780
800
797
812
794
803
820
790
1132
1113
972
1015
1190
1121
1083
1152
1149
1229
1115
1139
987
992
1136
948
1134
1037
986
1001
1138
1133
1167
1175
1220
1220
1132
1134
1118
1137
847
794
788
809
799
789
802
797
744
765
794
788
779
821
790
803
790
803
786
812
799
797
780
785
798
802
783
802
788
801
1293
1289
1295
760
740
764
740
753
777
745
755
759
769
765
752
754
797
758
774
760
759
755
760
747
759
744
752
762
754
778
764
765
769
753
747
759
777
753
738
751
755
852
829
775
778
774
765
756
778
758
775
759
766
749
769
790
767
746
788
778
778
775
742
761
776
752
768
762
777
760
799
787
807
760
902
769
771
780
807
804
810
758
772
796
799
745
796
780
792
753
785
775
793
758
827
744
791
737
785
738
808
783
766
756
769
792
774
753
760
778
753
1119
1081
1109
1163
1177
1145
988
1146
961
810
796
814
810
830
796
810
809
806
792
806
800
813
800
806
810
1287
1275
1235
765
791
754
749
769
779
780
816
757
776
793
804
752
812
786
765
785
779
788
814
745
796
739
762
734
751
785
808
750
802
787
774
780
755
775
817
795
792
793
800
792
797
813
813
824
827
796
793
795
804
1842
1941
1982
1837
2696
1778
1789
2715
1857
1935
2182
2061
3056
2704
1273
1111
932
759
756
767
724
722
707
703
701
737
653
666
652
652
657
670
638
647
662
659
634
650
652
657
648
651
675
656
1118
1074
1077
1068
760
631
657
659
664
656
628
656
652
640
618
677
612
630
634
614
620
632
653
649
655
671
642
686
653
651
634
645
641
666
657
653
644
623
657
613
652
651
652
652
975
872
941
1021
997
921
1011
945
940
961
911
922
1005
893
817
940
846
923
912
955
924
927
1015
920
931
922
936
994
932
1003
995
914
978
936
885
992
924
1008
934
942
969
921
1020
1005
921
943
930
954
951
954
906
1004
910
666
656
645
637
658
621
661
623
627
642
682
643
617
618
670
611
627
622
638
612
637
663
636
613
617
626
630
609
629
634
623
625
622
624
625
611
639
611
617
817
618
658
642
678
659
666
618
669
626
662
633
672
640
647
639
656
629
634
717
925
682
636
684
620
619
628
657
634
669
619
656
626
674
655
1071
1083
1078
1069
631
650
653
619
678
680
673
642
614
628
623
624
633
618
630
614
631
622
627
644
621
616
664
613
638
655
649
628
612
624
625
628
650
710
610
619
623
619
606
638
606
622
616
622
616
706
695
688
641
638
618
659
658
657
642
650
649
668
650
662
655
653
661
659
652
668
642
674
660
647
638
692
643
657
606
618
652
648
658
671
647
660
650
941
1004
908
933
950
931
920
755
702
654
676
673
628
680
647
609
620
637
628
649
621
627
649
684
717
696
681
695
679
695
784
929
708
779
1059
929
721
1028
939
928
925
674
783
751
766
708
713
689
722
640
651
661
657
659
648
658
664
642
620
653
631
618
612
646
640
690
659
666
1089
1068
1063
924
665
675
879
625
675
667
678
648
660
655
674
660
664
665
646
657
657
658
671
668
682
671
656
656
649
659
642
1093
1100
1075
743
655
656
691
644
1031
613
621
616
637
620
670
639
665
650
669
678
654
928
724
657
669
648
654
645
656
646
664
652
661
639
645
643
660
638
654
642
653
610
655
1075
1066
1060
1064
621
653
642
652
676
647
664
631
787
1002
910
925
938
790
933
611
668
648
656
671
673
652
670
657
682
657
651
636
638
661
639
632
636
668
636
660
650
636
648
703
646
652
789
659
656
668
688
613
693
648
635
658
640
623
668
664
679
653
649
620
688
633
664
645
650
705
674
673
651
654
655
650
672
643
627
624
642
633
618
617
643
888
941
625
618
985
1032
1056
751
636
622
612
724
650
660
645
651
644
650
647
667
642
663
645
644
621
663
652
628
671
635
638
661
653
634
658
643
622
638
629
673
620
682
632
628
622
647
626
670
638
652
612
621
607
620
608
619
615
625
611
612
629
621
605
644
635
622
628
618
618
628
608
630
626
614
621
644
654
630
655
657
638
647
673
623
623
680
921
995
1045
937
908
949
770
927
789
954
745
681
650
620
647
741
640
655
648
647
651
675
634
619
636
631
633
624
633
660
652
612
632
708
671
684
681
626
648
639
647
671
675
651
657
649
666
665
619
636
643
666
655
651
644
645
666
655
653
670
646
629
622
641
674
655
678
611
686
640
1111
1068
1069
1062
656
766
649
649
993
974
926
617
734
626
670
655
677
649
655
662
664
654
671
658
680
651
653
649
740
656
671
656
670
658
662
653
670
656
1106
1063
1065
1070
876
689
612
619
678
608
627
695
687
664
655
659
681
652
682
630
627
622
612
630
606
642
637
617
615
674
642
652
644
664
650
655
657
664
643
656
1103
1062
1074
1062
797
717
678
1022
1025
650
640
693
649
660
630
622
617
694
621
633
645
625
640
669
674
668
657
672
664
669
666
618
638
632
654
629
675
637
658
638
620
807
637
606
660
682
665
656
660
635
616
673
630
621
622
644
650
649
644
654
635
662
673
643
627
640
611
642
646
643
640
654
665
649
647
648
668
657
639
644
636
665
618
628
650
633
655
685
642
632
617
636
611
650
678
649
615
623
611
661
643
653
656
656
675
623
653
652
633
652
644
652
619
643
666
644
619
633
610
681
649
644
670
639
659
660
669
625
644
667
620
641
656
944
649
650
652
649
673
669
664
666
617
659
646
653
657
636
654
649
609
673
643
652
668
650
667
655
651
620
636
636
619
621
622
655
667
647
647
622
640
619
618
616
607
623
607
674
677
652
648
619
627
670
612
623
623
646
620
609
624
642
621
624
616
617
627
613
629
609
623
620
678
634
632
651
651
608
622
606
645
633
652
616
649
662
650
666
664
655
690
647
667
635
650
676
685
649
977
622
621
612
628
677
672
628
671
639
665
660
653
630
666
619
649
626
670
620
624
639
625
608
622
617
622
620
653
627
631
635
651
654
664
626
618
647
666
647
644
638
624
621
692
654
673
654
669
706
668
655
660
665
664
655
669
656
663
661
664
665
660
658
679
650
616
646
684
659
641
673
666
672
669
661
639
1026
995
986
615
641
609
620
628
617
656
625
654
646
662
662
648
653
645
649
654
636
669
656
643
650
635
662
651
651
654
659
643
1108
1066
1070
1064
882
658
657
666
649
633
644
620
647
631
664
660
619
622
661
639
651
660
655
636
654
609
670
619
645
648
662
637
627
613
669
668
626
630
657
613
626
625
629
611
615
619
675
805
628
637
626
626
631
666
627
613
673
635
659
668
666
665
619
619
623
879
638
639
631
624
637
614
644
620
645
596
603
597
608
596
605
593
599
583
587
593
595
582
597
594
599
650
598
601
601
594
614
592
605
623
609
621
627
614
654
643
616
609
640
618
613
640
632
652
641
625
617
634
623
617
600
593
608
606
598
598
610
607
603
584
599
594
588
594
582
623
717
604
604
608
596
599
596
611
623
618
596
638
621
603
591
623
620
630
625
652
637
636
641
626
620
628
627
631
620
636
616
628
636
630
627
636
1031
1022
1022
1021
928
598
585
625
625
645
618
626
602
641
612
624
623
729
756
862
656
893
764
596
612
626
595
619
603
643
628
622
632
629
627
644
629
636
611
610
597
633
618
625
610
600
601
618
598
692
611
651
616
617
599
612
635
632
616
617
633
639
628
636
622
642
629
642
643
607
637
613
627
655
638
635
630
608
635
583
598
631
641
620
649
610
605
605
620
608
907
879
933
736
903
888
901
879
903
600
607
622
593
583
596
594
606
641
623
619
596
625
641
610
646
614
615
625
629
620
592
613
630
617
597
638
654
586
623
619
599
639
833
620
622
621
617
618
628
623
659
651
663
655
681
665
669
652
667
639
656
667
666
634
651
642
682
644
646
663
657
639
638
650
646
635
1112
1067
1019
1016
987
886
625
618
635
632
627
628
643
622
634
632
633
609
596
614
622
594
637
610
620
613
626
619
611
625
602
633
641
608
626
640
629
627
628
630
639
614
1037
1023
1013
1025
812
633
634
639
627
628
628
893
955
946
878
936
882
972
877
936
880
889
881
580
658
629
631
622
619
601
612
609
626
631
639
626
610
643
615
640
893
703
627
654
635
657
629
617
649
628
638
620
616
633
630
638
581
639
593
630
621
605
604
613
639
625
635
622
617
612
591
593
607
595
600
630
618
638
1071
1026
1019
1022
989
706
604
1015
991
611
601
639
602
709
638
599
583
622
626
646
614
603
613
625
637
623
618
627
585
631
589
604
636
606
619
641
584
636
603
635
591
635
614
606
595
644
617
730
938
938
604
593
873
935
924
729
589
599
593
594
586
643
610
617
639
582
592
583
592
627
592
622
637
615
622
628
615
612
640
611
633
619
620
642
584
599
599
595
593
593
595
621
585
619
586
615
612
604
625
610
597
657
663
603
626
619
636
611
608
610
626
639
760
595
629
625
618
630
597
600
591
594
598
610
622
616
622
632
640
620
928
877
885
842
890
893
891
898
904
954
892
896
849
778
780
659
629
634
801
908
876
860
881
943
879
882
884
883
873
963
635
652
643
645
638
625
624
640
636
615
629
662
640
596
595
594
607
606
597
596
611
631
604
641
623
631
635
1009
1013
901
903
910
976
970
840
993
926
770
1009
701
632
619
650
625
634
657
614
633
614
625
634
637
667
673
681
661
657
686
620
680
644
642
643
649
643
664
637
604
659
645
656
665
643
707
694
645
632
955
917
909
919
942
978
627
630
620
621
631
607
621
626
645
650
672
642
649
654
644
649
693
649
636
659
671
667
646
667
637
652
631
638
671
645
621
866
649
682
663
658
652
677
670
643
699
633
647
635
645
655
619
653
658
648
631
611
619
619
621
655
666
666
670
648
661
660
653
651
654
658
694
1073
1023
1023
1028
1009
611
635
646
640
624
631
645
628
637
620
645
627
621
626
649
627
628
642
641
628
645
640
621
619
623
631
618
617
642
607
623
623
618
627
619
1066
1021
1025
1021
823
652
631
615
600
586
608
621
607
616
601
599
624
604
590
604
594
596
602
600
590
609
598
594
611
591
605
625
625
642
599
591
594
597
594
582
596
596
617
589
609
584
589
604
896
638
627
644
621
637
638
651
619
644
626
642
639
639
651
628
641
637
641
645
611
608
597
615
640
617
598
605
629
587
639
616
629
593
643
622
1053
1023
1023
1021
890
627
657
617
642
615
610
632
627
620
628
625
637
613
624
606
640
616
627
586
596
613
622
591
628
655
627
618
641
636
637
635
652
630
628
640
649
1043
1035
1027
1022
918
642
620
636
640
644
614
638
630
639
640
629
642
639
635
639
649
630
641
630
643
628
638
652
641
628
635
635
630
663
644
640
639
636
636
639
1051
1026
1019
1025
772
626
608
639
602
617
986
985
961
595
622
628
636
618
647
619
631
613
621
637
617
638
629
640
636
639
645
636
618
634
608
625
630
635
627
629
1029
1022
1021
1021
657
624
659
592
630
615
628
612
642
632
635
631
637
624
640
630
645
617
631
621
656
617
618
607
597
586
606
587
635
630
935
963
873
866
867
874
876
942
893
904
850
866
892
875
965
878
884
871
880
868
955
592
613
585
603
660
631
594
656
605
628
606
608
607
608
595
629
611
607
613
604
623
606
633
624
598
668
598
589
618
591
600
585
627
594
606
587
606
625
603
637
609
631
600
608
611
599
612
605
583
595
607
585
597
587
595
609
664
604
598
614
612
648
607
596
616
599
634
614
606
919
611
935
936
914
597
832
594
590
586
595
592
597
614
586
600
582
596
593
600
595
591
599
595
585
593
582
595
581
607
597
594
591
612
586
600
592
601
592
634
614
594
639
711
612
601
606
605
596
601
604
600
613
602
587
628
613
608
598
618
595
668
603
602
597
607
589
603
596
631
590
606
604
611
589
594
608
598
583
594
594
599
615
627
628
644
581
640
626
620
630
619
606
606
620
631
629
630
625
615
625
624
630
618
639
633
597
582
592
594
598
611
583
633
593
638
637
624
622
659
605
625
631
1018
1020
1016
1022
1024
600
653
609
621
651
613
641
625
611
628
634
645
646
628
649
658
627
684
658
646
628
630
635
665
614
656
620
652
640
642
643
624
651
654
668
652
656
643
631
634
1072
853
716
662
663
655
693
659
679
657
679
654
668
661
680
656
615
630
632
614
652
630
624
620
634
657
683
654
698
638
653
612
652
666
706
634
937
614
629
614
619
627
635
626
645
955
666
638
652
656
636
667
662
660
627
629
632
625
674
659
684
725
646
629
661
661
639
708
636
632
617
618
622
685
613
634
668
660
638
670
642
912
919
949
903
897
927
925
976
966
910
940
938
913
932
933
991
914
914
838
946
987
924
1022
616
666
637
632
630
676
613
677
636
647
690
640
654
638
869
667
673
661
668
649
675
637
662
669
659
656
647
670
677
659
670
664
672
658
656
667
664
654
646
666
673
651
644
668
654
655
646
674
1110
1064
1059
956
615
614
629
628
615
638
615
630
624
620
624
624
620
626
615
639
621
627
618
655
613
626
618
621
616
623
625
631
612
627
617
625
614
619
623
1022
1023
1029
829
619
615
630
627
626
617
628
625
630
627
637
613
626
619
636
620
630
642
632
623
632
636
631
629
640
630
625
631
634
616
633
631
629
632
1059
1020
1019
1015
972
762
626
640
615
654
632
642
631
632
639
628
619
649
602
623
603
646
610
615
611
624
626
633
612
590
601
602
596
598
606
593
598
613
633
667
646
645
644
619
621
660
667
616
673
655
671
651
639
654
631
648
672
644
671
639
661
655
645
674
635
657
652
653
653
656
679
657
611
637
610
671
625
648
659
659
644
678
641
660
1073
1068
1059
1080
644
606
600
951
984
599
585
620
587
633
591
604
593
609
644
603
580
593
590
597
599
592
592
606
584
594
592
596
613
660
615
643
618
640
590
614
588
592
621
620
585
615
586
929
588
1037
654
667
647
673
644
671
670
657
656
652
652
670
613
621
622
611
621
611
640
639
635
615
664
609
636
661
650
624
625
609
629
613
619
601
588
601
594
667
619
617
637
600
586
627
645
639
670
641
620
621
651
624
661
649
665
628
655
640
642
644
675
657
667
614
653
667
628
642
652
650
658
681
654
643
654
653
642
632
683
633
628
636
634
650
671
694
671
672
652
647
622
631
621
608
625
634
658
651
671
643
649
642
687
647
662
634
655
642
661
667
670
645
657
630
633
650
645
654
646
609
620
631
648
645
668
672
670
642
672
684
665
657
669
664
668
651
679
669
666
658
614
623
657
611
643
638
620
629
618
618
672
613
632
664
651
647
622
647
645
625
676
664
656
650
667
679
659
656
640
634
632
648
643
666
618
611
625
610
622
617
624
1091
624
611
654
652
661
623
662
649
643
664
654
673
667
654
628
639
641
622
611
621
606
649
630
640
751
1021
914
1016
1049
624
779
916
1026
931
959
799
850
912
908
819
587
595
631
620
624
631
612
622
617
627
632
630
630
656
633
1020
1020
1015
820
829
943
938
589
605
627
637
614
595
611
680
625
625
587
632
632
606
597
622
593
622
620
636
631
628
624
640
610
625
633
644
618
628
612
627
1050
1018
1019
1016
664
595
648
622
607
648
618
625
594
617
637
630
624
634
613
620
630
616
629
633
620
630
628
627
625
628
642
621
635
613
638
616
629
616
623
625
1056
1028
1017
593
601
648
897
896
971
969
699
746
892
844
595
582
624
630
655
643
625
632
645
618
641
618
627
617
897
606
640
613
623
641
627
624
619
623
633
613
611
585
619
909
907
932
896
891
908
950
967
989
749
938
979
998
950
881
909
807
956
897
910
952
912
587
616
583
610
622
626
631
626
610
593
600
620
589
597
622
599
596
643
629
596
610
635
621
655
640
632
632
641
626
635
641
634
619
638
620
634
615
659
644
633
631
627
642
638
612
637
1008
1018
1025
650
632
631
626
622
607
616
639
629
636
586
615
648
624
633
641
628
631
627
643
619
637
650
629
616
624
636
621
634
625
627
628
638
650
628
615
642
1012
1019
1023
1020
901
644
634
599
651
647
632
593
609
587
622
653
649
589
607
591
592
605
588
593
664
601
622
628
613
637
642
635
585
628
624
638
627
611
621
609
623
651
615
618
609
594
617
604
600
603
692
624
621
612
665
648
672
634
637
612
596
622
627
617
624
617
625
603
643
595
629
617
631
626
644
622
644
611
626
614
623
612
630
635
618
632
1029
1022
1023
1017
918
919
897
880
875
895
650
901
598
638
646
619
628
607
609
622
625
615
630
621
623
617
608
626
621
888
902
919
595
647
627
639
628
1064
1026
1025
1022
967
630
599
640
613
630
587
636
636
625
609
636
631
599
590
591
611
582
597
626
598
595
606
649
599
608
594
584
593
584
618
589
593
589
589
626
606
631
603
646
624
651
611
591
589
963
881
887
858
918
897
928
873
621
620
784
951
917
620
612
619
641
671
642
651
635
661
652
671
656
663
635
651
639
654
641
646
632
627
621
618
600
629
608
645
629
596
616
657
620
626
618
630
613
628
612
630
617
643
630
659
591
594
627
618
627
601
623
613
616
618
626
596
609
644
655
606
620
619
621
594
597
620
601
606
635
582
616
597
597
598
620
653
618
592
630
619
640
616
619
639
625
623
619
628
583
626
624
629
591
643
621
625
614
596
585
601
637
585
639
587
603
598
629
624
1042
1018
1021
1021
928
980
994
962
642
633
647
652
632
642
629
644
592
628
595
590
589
596
586
594
596
608
599
586
593
592
595
608
593
610
599
587
593
586
595
583
607
614
590
599
622
584
598
591
603
583
595
639
602
605
623
603
615
589
672
645
624
678
635
814
1001
921
921
917
911
918
878
889
598
619
620
616
634
613
644
631
651
1030
1020
1018
1023
679
586
596
597
580
624
650
624
625
650
607
626
623
634
586
595
596
599
623
626
642
608
593
608
622
586
622
628
619
628
604
592
624
593
615
604
596
631
599
605
609
592
632
590
581
596
583
610
693
590
628
609
600
612
661
611
625
621
637
633
655
618
635
623
638
620
625
622
611
629
622
621
630
616
623
630
620
643
611
629
625
618
630
614
1067
1022
1014
1002
903
633
640
631
627
613
629
648
641
625
610
621
636
631
629
605
599
597
610
589
634
631
618
629
627
628
629
613
626
620
624
624
646
619
633
625
1021
1021
1021
1019
870
583
602
620
946
967
789
612
806
618
625
631
653
614
613
636
627
619
629
637
643
622
634
627
626
621
647
615
625
627
614
627
643
643
629
1026
1024
1023
1024
655
591
596
590
643
630
598
601
635
637
585
612
611
624
613
613
613
640
619
621
622
606
645
618
637
631
633
638
631
620
636
644
628
621
629
616
645
632
1021
1023
1014
632
643
628
611
645
601
616
623
597
601
631
654
623
650
585
604
639
639
621
637
631
639
635
641
606
628
639
618
629
624
607
607
614
628
647
628
615
639
602
631
618
640
637
601
628
646
632
645
589
632
594
596
621
622
611
625
623
622
614
618
624
662
639
665
629
664
645
652
616
624
605
629
619
619
626
613
618
630
603
620
614
666
656
667
1068
1070
1061
1065
615
660
637
615
661
623
645
626
621
626
624
611
641
622
623
611
623
626
630
614
668
629
617
637
639
628
625
629
643
620
625
654
613
646
632
632
624
607
638
621
650
891
649
667
654
656
656
671
661
654
671
648
632
619
636
662
615
964
919
921
877
738
950
874
868
870
880
595
624
618
639
619
623
627
620
634
602
776
640
583
604
607
956
964
863
616
718
585
597
585
598
591
606
587
602
587
588
616
632
591
597
593
711
598
602
610
596
595
635
601
597
594
648
632
652
623
826
929
892
591
618
870
982
791
945
626
635
635
615
632
629
626
629
634
637
622
632
636
635
624
639
643
630
634
626
626
623
585
654
625
593
623
626
586
671
584
637
586
597
584
944
991
597
581
599
587
633
649
636
606
617
618
644
614
618
596
598
642
616
623
625
625
620
623
615
641
619
636
630
613
584
593
591
586
591
594
596
580
619
677
594
931
987
678
598
585
657
633
607
622
585
626
638
623
638
628
616
624
613
634
609
621
609
624
632
621
622
619
626
651
628
653
632
653
1049
1021
1029
1021
743
596
587
612
621
608
615
643
662
649
662
652
656
678
647
935
992
633
623
624
626
630
608
622
665
666
645
667
650
647
668
645
645
647
606
648
624
637
644
669
674
631
607
659
659
664
631
734
653
694
643
642
640
674
629
663
639
649
636
658
658
674
641
643
658
697
656
673
656
682
670
621
619
641
665
645
648
616
622
687
673
635
643
676
669
628
646
644
692
640
655
617
660
630
652
633
672
646
639
674
623
659
667
674
618
619
661
650
628
642
622
628
618
611
621
621
621
648
616
614
619
615
619
627
659
677
652
627
657
647
659
659
636
633
681
662
658
623
646
610
630
623
631
612
631
649
669
661
632
618
619
619
621
651
659
648
651
641
667
622
624
621
620
607
620
609
668
666
706
609
618
620
620
683
624
610
638
629
623
629
614
619
709
641
648
656
678
665
657
639
653
641
665
660
663
635
621
636
624
611
666
646
642
608
606
618
614
599
623
595
621
619
648
694
603
594
620
607
607
639
597
675
617
629
680
640
621
633
613
631
631
629
616
638
626
650
614
623
628
617
633
623
628
621
630
704
622
618
624
632
630
621
634
621
609
619
641
748
676
668
644
669
659
686
648
672
658
677
630
652
637
619
627
666
639
640
663
621
644
621
629
669
679
695
612
991
952
909
927
929
949
980
948
930
922
918
918
922
943
946
1014
912
611
649
659
658
643
658
645
661
657
665
630
649
628
643
616
634
616
624
643
630
628
669
608
624
620
620
747
791
637
668
632
666
672
677
649
659
660
672
641
671
645
666
650
644
660
666
643
653
658
671
649
654
659
678
646
664
657
674
664
649
1089
1066
1069
1066
890
948
984
736
594
596
885
927
899
652
600
597
627
628
630
625
610
629
629
630
622
624
614
626
608
642
627
622
624
614
624
632
655
633
620
1012
613
633
620
624
715
610
609
593
603
640
640
643
633
615
629
626
647
617
646
616
630
666
643
646
635
636
632
630
633
649
637
631
647
622
632
634
632
631
638
624
1027
1021
1017
1019
1013
616
635
631
619
643
640
604
600
601
621
601
601
588
598
599
651
633
642
581
644
588
597
654
615
632
600
616
621
615
621
616
625
627
600
583
605
608
596
616
632
618
599
583
634
618
623
646
594
590
618
631
619
597
615
628
620
634
616
626
633
641
632
596
633
647
610
630
584
643
643
641
600
637
628
618
634
633
641
640
614
607
624
602
609
656
607
639
622
673
901
621
641
645
647
628
600
597
612
620
610
623
618
598
630
622
626
622
644
618
646
626
604
623
618
622
612
615
635
622
628
638
601
627
631
593
640
630
604
613
609
593
586
596
584
607
586
591
597
623
648
662
609
643
652
675
655
652
653
663
625
645
613
652
637
633
620
617
629
632
610
664
643
659
666
654
640
654
646
618
682
620
652
671
659
656
606
630
637
655
680
625
638
677
643
664
610
636
662
677
619
656
642
624
638
653
653
634
653
644
647
682
689
673
670
665
667
942
627
621
635
632
633
663
635
665
612
621
611
621
617
615
617
619
624
704
608
620
652
646
648
856
933
1010
925
940
926
625
653
631
670
634
678
654
663
642
667
652
620
647
639
639
653
644
646
643
678
673
632
650
667
631
631
642
699
617
651
649
645
673
624
669
655
655
663
646
657
649
658
644
665
654
666
654
672
657
672
644
656
656
662
666
664
657
680
657
660
664
662
1048
1025
1020
600
951
917
919
909
670
624
614
603
594
627
642
626
622
635
623
625
642
635
629
626
639
647
616
641
643
624
621
627
629
628
613
638
609
1054
1025
1020
1028
850
605
598
605
592
979
985
596
978
742
580
598
606
593
586
605
593
585
618
619
629
598
606
640
645
631
643
629
636
642
627
647
634
639
640
639
637
1030
1019
1023
1028
603
658
644
600
621
593
665
667
611
652
642
638
637
636
650
655
669
652
658
655
648
644
659
619
651
647
634
657
657
658
639
631
643
671
641
669
696
644
662
617
633
670
650
662
632
612
619
661
669
615
662
673
672
635
673
656
661
657
652
669
693
646
652
669
678
643
662
658
681
643
659
658
654
643
658
645
655
641
655
647
662
1102
1061
1088
1072
609
739
663
650
658
669
623
625
622
636
626
621
632
652
628
641
629
657
625
634
625
615
630
626
624
611
638
640
633
624
634
683
659
692
680
652
634
691
685
623
631
659
639
654
770
654
654
646
641
684
628
617
618
611
623
654
676
640
682
646
653
637
619
684
634
632
610
635
625
627
628
636
614
658
625
629
623
626
631
625
639
647
644
638
807
649
638
634
637
632
669
613
714
635
647
637
675
631
671
639
631
630
635
637
628
619
614
640
627
617
641
612
626
623
657
632
698
640
703
776
623
613
738
868
631
613
645
623
643
618
656
646
656
645
667
661
697
613
672
645
653
616
622
626
650
653
643
646
664
658
666
653
647
660
636
687
654
660
652
668
650
646
904
921
943
664
640
663
661
674
645
674
654
651
692
659
652
665
665
657
655
656
658
688
650
670
657
659
654
652
672
670
656
648
1098
1068
1061
621
617
692
637
662
644
632
676
635
652
629
639
635
638
633
662
617
630
611
654
623
618
656
619
626
643
638
635
650
650
639
626
639
645
629
620
652
625
619
611
624
611
626
662
633
644
671
687
656
648
648
652
627
621
626
610
626
618
621
629
630
615
632
629
627
619
629
635
656
618
630
620
621
607
622
613
626
613
623
610
625
648
634
669
630
613
638
630
655
634
626
623
632
614
661
630
620
627
613
637
614
636
631
627
632
628
631
633
620
612
613
601
593
615
590
600
620
587
608
590
600
592
615
591
593
622
893
618
624
663
637
661
659
623
621
622
618
671
653
658
659
621
622
623
608
632
617
615
629
610
622
622
632
620
625
618
616
626
668
659
682
654
644
644
616
662
618
621
628
617
641
912
903
922
929
952
974
971
922
688
652
655
655
642
626
656
649
623
640
658
610
648
652
654
609
649
607
650
666
621
665
656
647
678
653
658
659
627
621
644
616
663
629
631
611
632
638
627
613
625
635
624
633
630
625
635
622
630
623
629
633
620
621
631
633
635
645
625
625
623
612
652
606
620
622
622
610
630
628
620
632
645
652
676
657
961
923
942
906
987
922
723
926
901
886
897
890
906
883
946
897
888
885
883
890
893
908
679
894
882
883
882
881
878
637
628
652
623
626
636
619
630
620
656
629
623
627
620
616
640
637
625
637
621
633
617
651
646
628
597
627
594
647
615
626
614
637
929
944
986
606
589
624
616
627
626
609
611
617
601
645
623
593
598
592
591
611
596
626
590
626
627
603
598
637
593
603
596
608
593
604
606
623
914
611
586
687
619
650
621
668
665
653
645
655
665
658
638
670
671
671
662
658
659
655
642
667
661
658
656
665
670
659
649
944
917
637
638
652
643
643
628
886
618
619
608
618
622
669
658
668
651
675
661
627
633
651
634
645
685
661
664
660
668
664
692
686
663
676
651
640
641
619
653
645
666
665
623
645
619
618
611
636
612
639
621
621
619
619
611
630
610
627
643
625
643
640
627
641
627
627
641
634
631
625
672
671
640
624
635
636
683
643
652
637
662
650
662
667
623
686
654
649
611
652
655
655
633
641
622
618
1027
623
618
913
973
954
620
628
623
608
636
612
621
644
618
610
652
675
677
648
668
648
660
644
955
619
628
608
629
631
649
617
652
681
651
640
649
629
649
644
628
654
640
1026
1038
641
673
634
678
661
874
918
929
915
937
988
969
923
925
914
921
970
872
885
886
610
595
590
604
587
600
596
587
643
618
629
671
609
607
596
592
612
589
602
601
597
590
616
589
595
596
584
599
616
597
623
601
622
624
596
596
584
609
592
591
596
581
592
603
607
612
625
630
603
618
628
618
627
623
599
640
624
609
618
618
600
585
626
656
650
620
628
601
585
610
626
592
599
593
612
597
608
600
605
596
615
594
598
617
606
590
605
595
624
598
609
590
624
636
635
587
633
597
597
588
589
598
608
581
596
600
628
615
593
594
593
581
612
595
594
593
599
584
631
618
624
643
628
616
630
614
648
595
639
585
593
590
634
635
593
618
901
869
877
890
941
896
891
888
902
882
981
921
931
930
913
931
630
627
655
666
662
658
647
650
636
635
611
659
612
648
651
608
660
644
654
637
639
633
658
626
642
702
684
649
658
649
642
632
628
672
699
670
640
654
640
668
648
654
643
651
642
649
643
637
613
655
641
672
654
671
655
652
626
653
694
661
651
629
607
624
649
689
744
621
608
699
647
671
672
694
666
693
655
666
663
659
651
665
657
666
647
668
663
657
657
661
664
681
647
668
665
653
650
667
672
657
1098
1066
1024
1026
955
699
585
598
609
589
591
995
1011
598
586
595
585
608
609
596
628
854
599
593
592
631
653
596
657
665
687
666
668
668
635
641
664
646
636
625
654
660
640
669
642
625
643
643
653
608
696
639
677
611
615
618
608
662
656
623
660
651
651
661
640
653
627
617
621
631
620
610
669
619
672
672
663
652
659
634
681
642
652
624
657
649
654
618
648
679
640
665
632
620
680
637
649
619
638
639
661
640
623
638
657
657
631
679
669
622
624
646
656
645
655
658
659
640
623
625
662
642
671
653
654
620
631
650
636
636
1045
644
677
660
651
657
703
656
617
641
662
612
651
651
659
622
616
611
645
619
619
618
632
616
625
617
631
614
634
649
626
614
618
645
624
614
636
611
624
619
621
638
655
645
662
658
658
652
644
671
645
627
636
670
639
662
659
658
654
669
661
681
680
660
641
634
638
631
640
629
642
649
640
640
639
620
631
630
628
638
613
619
636
637
632
632
596
625
632
592
610
599
591
632
590
601
604
607
595
609
609
588
636
633
608
619
616
597
605
590
606
610
617
612
594
603
617
600
619
615
643
638
639
628
955
884
923
875
887
912
939
599
590
596
604
596
584
643
620
641
632
602
630
616
596
648
605
619
640
607
646
652
633
630
609
629
623
639
612
1028
1015
1028
760
650
583
606
584
644
593
647
632
616
618
595
627
635
583
621
634
605
604
592
591
591
615
629
608
615
596
582
594
583
596
642
629
607
598
586
597
582
594
581
602
621
589
585
588
595
588
602
586
981
983
658
605
592
594
610
633
632
649
624
630
590
596
594
597
593
596
606
593
582
613
588
649
597
592
585
588
593
631
641
583
632
619
619
592
620
642
628
619
668
626
607
604
620
647
630
632
694
668
634
662
646
650
657
669
713
663
649
708
666
656
652
669
669
666
651
671
665
657
658
663
669
658
651
1112
1067
1024
1022
1008
832
644
647
642
679
641
624
629
623
648
617
636
629
646
616
630
636
629
624
635
643
657
618
619
628
626
615
654
641
639
621
625
662
637
639
1105
1073
1069
1063
1068
674
611
626
652
664
663
693
659
641
676
667
623
651
625
627
609
635
632
646
653
622
635
624
624
641
643
613
630
610
623
624
610
619
615
623
676
655
647
656
611
620
684
623
616
642
621
932
615
618
651
656
670
647
656
651
668
663
651
666
666
677
654
654
664
669
653
651
656
662
655
651
669
670
640
659
640
1103
1062
1067
1022
903
598
624
631
643
631
643
627
594
602
606
617
618
608
602
597
605
591
599
606
593
598
637
613
626
633
642
603
617
583
596
604
623
634
607
632
624
612
622
613
626
593
600
616
588
647
644
632
641
639
640
639
631
627
637
628
647
612
627
645
617
619
598
608
640
623
621
594
613
625
632
623
615
647
640
635
600
616
631
584
639
633
592
590
622
638
632
878
625
626
626
634
629
653
651
633
621
634
619
645
622
607
609
639
591
650
617
626
634
634
628
634
624
613
630
604
622
608
602
602
613
601
645
647
631
1022
1030
1028
1030
1016
615
614
606
617
613
607
606
610
590
631
620
656
615
652
639
621
650
628
643
657
611
653
647
644
664
672
657
657
608
660
648
620
623
624
612
660
629
652
645
686
669
678
730
617
614
1026
1027
623
609
625
611
657
639
652
631
654
663
655
655
654
651
650
652
669
667
679
632
670
643
675
627
657
636
644
627
629
621
672
632
612
650
626
658
946
966
964
932
999
1015
931
774
805
950
961
891
895
674
892
892
957
900
881
876
875
879
888
882
637
645
624
638
601
618
600
616
636
633
606
626
630
639
654
869
901
719
611
619
641
633
604
627
595
622
626
604
618
614
589
605
606
609
614
621
620
615
600
637
599
632
647
647
616
623
612
611
617
618
590
621
645
600
599
590
596
614
958
995
588
630
618
642
611
622
620
610
603
614
612
637
604
612
617
643
619
624
615
625
610
633
584
641
601
619
618
626
584
592
606
624
933
886
868
904
881
596
603
640
611
616
615
622
605
612
615
592
639
603
611
647
594
626
628
621
631
622
627
630
600
621
627
592
597
653
591
606
603
605
589
592
584
727
665
621
596
599
639
594
609
601
600
630
599
593
601
597
633
592
602
593
609
604
618
629
619
610
611
636
629
623
621
603
635
630
594
608
622
606
617
624
597
633
632
634
626
951
979
786
604
585
989
972
750
973
595
761
595
595
599
582
940
880
593
595
618
595
613
661
626
586
656
610
625
631
636
635
603
586
602
600
616
608
596
916
877
870
873
872
874
885
594
618
610
585
611
607
600
592
591
605
604
588
612
593
626
602
603
619
607
592
607
618
607
601
650
592
606
584
603
586
605
585
594
592
606
594
615
592
608
595
600
616
613
603
613
602
615
614
610
611
610
602
632
598
608
612
597
612
597
622
631
611
603
601
594
625
594
614
596
605
585
595
586
593
600
702
630
656
661
669
665
663
669
642
674
918
844
828
632
671
645
619
663
649
626
651
617
623
661
629
642
652
631
661
670
659
645
663
665
652
639
687
614
670
678
721
658
648
680
643
612
625
611
620
623
640
623
629
622
656
628
640
640
631
619
632
616
628
646
679
623
648
622
651
643
624
649
655
614
647
658
663
657
669
642
658
899
623
653
633
630
631
620
654
630
626
656
638
620
638
628
643
626
641
634
630
650
625
633
618
611
618
619
617
636
627
662
618
624
622
623
637
646
656
621
635
655
661
653
615
643
638
696
678
667
661
665
650
663
676
653
636
627
645
661
666
632
664
638
664
655
666
655
665
645
663
644
677
658
651
668
659
654
1071
1035
1026
1025
603
599
587
665
604
644
628
628
624
638
583
594
585
595
580
605
634
628
594
637
611
644
636
626
615
632
630
639
593
593
591
650
614
627
604
603
591
624
586
597
586
598
598
593
912
596
597
621
590
596
612
628
612
592
646
602
623
640
636
633
622
626
592
643
584
602
596
638
648
622
614
632
622
655
665
664
666
667
655
679
1101
1075
1063
1066
1062
628
634
633
647
630
613
654
650
635
626
662
669
626
640
672
655
643
650
627
659
677
660
658
647
648
672
616
658
647
623
652
664
646
656
665
662
1108
1073
1068
1069
1068
670
617
621
626
612
633
645
641
621
608
632
692
661
629
616
646
661
611
619
610
642
605
620
613
623
610
621
608
622
638
678
683
640
636
655
631
653
679
666
620
671
621
622
663
650
644
689
655
646
609
639
624
650
640
664
625
663
646
663
631
669
658
656
634
653
650
649
672
643
661
669
644
634
638
650
646
658
644
617
615
622
642
667
688
848
964
926
607
618
632
619
607
622
607
624
607
631
612
619
610
612
620
618
610
623
611
628
614
866
618
613
609
627
608
617
624
611
619
645
671
649
648
680
617
646
707
610
655
606
648
650
1007
1026
619
623
797
626
606
616
617
618
615
618
613
636
609
614
636
622
628
624
619
620
648
631
615
621
618
648
654
645
619
623
627
653
660
648
927
649
672
659
671
649
662
643
656
658
657
689
674
670
632
689
646
620
656
672
672
664
659
657
675
656
655
656
659
639
667
644
670
649
654
1066
1033
612
653
647
598
618
627
601
627
639
624
622
658
621
594
638
646
597
618
621
644
647
623
614
635
610
621
638
636
604
611
617
624
608
632
619
636
616
616
646
622
581
647
587
596
593
613
591
592
590
634
625
651
608
634
640
630
647
640
648
633
649
614
632
620
630
615
637
690
628
628
635
629
619
642
622
629
617
657
637
643
594
647
585
606
599
582
605
582
594
604
601
759
635
600
629
615
772
651
660
689
663
625
618
677
619
624
616
654
624
632
624
619
620
623
630
690
665
670
648
664
666
644
649
666
683
647
641
636
644
629
649
633
645
619
659
612
621
636
621
876
994
935
624
619
622
620
648
651
676
627
680
650
650
641
692
671
676
632
695
632
637
642
623
635
623
622
642
631
625
616
628
611
620
605
668
659
624
638
620
672
621
606
682
615
651
667
668
680
618
610
621
612
618
624
611
620
639
655
934
933
937
947
1014
897
890
892
659
604
607
614
585
592
597
579
594
829
598
967
607
612
934
981
678
594
620
614
599
612
593
621
604
626
630
626
639
625
625
607
599
627
630
624
595
606
634
614
624
610
627
625
636
599
597
602
615
583
616
595
600
607
633
603
618
604
620
614
613
610
609
595
586
630
620
600
622
589
590
614
632
617
640
640
619
620
621
642
611
627
639
648
597
598
635
623
641
630
623
649
587
623
589
625
585
629
920
952
789
919
844
870
872
909
901
878
588
597
612
638
609
613
596
594
584
624
639
621
618
629
609
603
623
609
633
606
621
608
628
606
605
630
595
668
597
584
612
585
601
629
609
633
633
630
595
597
590
622
627
601
637
591
636
596
587
645
581
617
664
614
606
637
601
597
608
599
645
619
627
616
628
1021
1025
1022
1023
587
642
643
624
599
613
598
627
651
647
659
647
667
648
653
666
647
660
651
668
653
648
669
674
676
669
659
673
656
671
653
689
657
666
658
674
1065
1023
1017
1023
775
663
635
643
635
663
659
631
659
688
662
669
668
676
654
676
645
677
652
669
650
679
661
678
845
955
626
630
652
666
644
630
656
681
647
685
671
951
626
668
867
727
734
736
756
771
781
756
764
756
704
650
630
637
682
646
648
622
673
654
649
632
675
617
655
650
657
630
665
610
662
649
614
656
625
638
617
980
699
657
653
657
658
675
691
660
657
828
933
954
923
994
839
1001
956
615
619
634
656
629
647
644
651
656
613
638
646
645
619
658
658
649
624
650
629
622
619
612
629
930
661
621
631
633
632
701
680
640
918
900
913
900
948
865
700
961
935
932
671
644
663
641
658
658
635
615
611
632
621
609
624
635
666
651
661
893
657
644
671
655
657
661
678
660
679
644
653
650
643
654
665
656
669
652
674
662
670
654
666
667
669
656
676
670
669
667
672
664
652
1106
1023
1022
1020
930
963
993
592
630
629
1010
992
606
608
618
615
640
628
639
633
646
631
640
636
628
656
633
647
679
640
641
890
601
612
585
605
656
628
631
596
600
641
607
617
638
730
946
923
784
586
843
587
604
596
627
591
586
614
583
631
599
623
594
642
626
604
594
597
594
587
597
594
600
599
597
982
596
588
611
606
631
1029
1026
1015
1025
678
593
596
630
614
743
946
944
585
595
722
595
606
612
629
630
615
645
632
629
627
636
634
663
584
602
607
642
614
628
614
616
603
620
584
593
582
619
606
599
580
594
591
603
585
585
602
596
599
594
617
617
628
593
594
600
584
627
612
594
597
586
640
607
619
590
617
623
621
591
600
613
627
581
625
585
631
629
590
604
607
641
620
640
593
617
618
619
620
651
612
645
615
719
595
589
625
647
638
623
596
650
628
607
610
599
626
612
594
639
624
643
645
637
627
652
629
626
628
645
622
634
627
630
636
628
642
621
634
632
1020
1020
1021
594
646
619
634
627
638
612
595
620
592
619
606
589
605
582
607
591
641
590
641
632
640
630
629
604
599
584
614
621
592
650
637
630
647
630
640
629
1048
1013
1021
1018
879
587
635
609
631
595
967
976
726
591
591
645
588
605
666
908
597
590
628
611
591
621
591
617
645
639
616
798
953
875
877
857
887
909
963
870
893
900
886
894
893
971
900
867
881
889
824
812
905
868
880
883
879
875
879
866
881
864
875
877
877
875
871
875
879
892
874
923
884
912
904
913
894
933
882
944
944
736
834
795
742
645
639
631
623
632
623
623
644
612
636
643
643
671
1093
1067
1068
1077
730
653
639
694
627
626
615
969
708
655
654
624
621
673
628
684
655
674
663
944
650
686
609
638
656
661
643
663
612
631
618
628
618
624
606
649
609
635
663
812
633
642
614
654
630
696
644
622
620
667
641
654
613
622
624
629
625
636
607
624
618
624
653
653
620
670
638
639
686
628
619
630
611
622
615
628
612
631
606
622
729
653
614
666
678
635
666
616
637
632
623
692
623
625
625
646
652
670
622
629
647
653
642
636
673
609
662
653
661
666
639
609
643
607
620
644
671
662
674
640
623
643
639
646
635
632
650
637
636
1016
932
967
617
663
674
625
655
626
624
624
625
674
682
628
633
613
632
616
646
612
639
629
632
614
633
642
643
617
662
643
636
650
633
610
615
637
653
614
951
907
874
911
907
770
938
906
929
628
659
659
640
623
659
658
641
648
641
636
630
617
681
644
644
639
631
633
637
657
656
651
646
658
647
626
662
664
627
615
625
634
665
645
652
611
679
648
674
674
659
640
657
657
657
642
666
609
622
610
624
661
654
640
668
659
634
638
630
627
666
641
657
639
1090
1065
1061
1051
826
666
609
605
622
639
623
642
614
629
629
643
622
641
618
620
627
616
630
613
631
620
630
624
618
613
635
615
634
629
636
624
617
624
638
646
635
1020
1018
1017
1022
868
631
655
630
624
592
626
598
624
634
678
622
651
681
662
616
638
641
642
671
655
658
653
647
648
635
656
647
620
633
653
655
669
661
660
647
1103
1064
1063
1059
699
638
711
608
968
982
1040
628
768
609
614
628
624
650
652
642
663
639
651
667
653
636
665
627
622
651
659
631
659
1031
682
664
658
640
620
610
657
642
663
1064
667
665
658
699
655
663
666
644
653
661
703
666
668
665
669
651
670
680
637
651
656
657
661
656
656
656
643
660
657
661
640
655
642
646
1076
1073
1062
1067
911
617
631
638
623
633
628
611
656
628
653
656
651
630
640
651
667
691
663
653
660
628
634
653
637
633
654
651
641
650
641
651
641
654
629
668
635
642
635
661
630
609
653
678
653
706
911
989
921
635
655
636
663
648
661
653
647
669
609
665
619
649
636
654
618
667
769
908
770
625
621
620
611
664
658
673
655
654
646
681
1073
1068
1071
1025
952
956
967
829
642
875
936
1018
600
624
593
609
585
639
622
634
613
641
646
628
587
592
596
610
609
612
590
651
620
617
616
602
620
656
583
592
615
585
593
603
613
632
623
642
892
620
627
615
629
621
643
634
628
609
628
609
600
593
583
595
594
591
593
616
593
623
615
643
650
632
634
630
636
659
600
616
601
602
599
620
595
585
597
584
595
599
592
592
916
622
584
635
656
646
618
630
614
617
595
652
625
646
618
607
632
652
615
653
630
609
630
648
622
666
623
659
655
613
619
639
672
674
645
621
625
656
651
646
623
633
658
641
691
644
626
697
686
721
633
635
691
647
660
651
664
664
653
644
628
648
665
634
642
645
679
659
666
654
670
674
662
643
649
657
1065
1064
1076
1066
944
664
666
649
691
646
650
640
646
655
645
662
653
662
649
646
646
687
652
682
648
654
654
676
666
671
612
648
650
658
650
656
666
647
646
650
1099
1060
1021
845
594
596
585
595
595
598
596
604
597
594
595
597
586
596
634
654
618
622
595
592
608
608
607
593
644
629
605
605
616
602
601
646
641
640
646
631
615
597
616
635
647
629
607
619
843
898
870
887
913
945
860
914
976
875
594
657
599
638
600
626
622
610
604
595
602
609
591
619
617
631
631
631
632
663
650
630
583
602
586
594
582
625
614
640
691
630
613
597
605
711
963
936
676
642
615
619
623
653
582
647
664
596
621
634
625
648
596
623
618
628
622
615
640
630
632
609
634
620
649
609
595
1050
1021
1014
1018
996
638
602
588
603
626
612
639
609
633
657
637
650
615
647
586
613
643
612
628
656
632
621
642
610
613
619
608
608
646
613
645
614
626
614
625
635
615
608
608
601
643
627
613
638
686
594
620
643
627
649
635
611
628
591
631
690
624
613
614
635
598
621
640
580
625
615
601
640
626
586
657
593
640
618
611
599
628
622
614
625
642
614
639
628
604
620
622
631
881
641
641
616
624
617
635
611
649
643
663
643
647
628
637
644
657
624
641
618
671
652
641
653
654
641
665
687
660
662
634
623
636
609
638
618
616
650
636
628
634
651
639
641
635
633
617
622
610
628
615
637
634
627
618
764
929
980
883
975
990
928
634
611
603
591
604
587
596
604
590
607
623
632
596
600
593
590
614
597
630
649
863
951
919
610
607
726
597
583
619
616
628
627
641
623
621
615
620
625
639
631
630
627
596
657
621
612
641
628
631
616
606
616
609
610
599
633
632
605
604
633
594
634
595
646
599
643
583
593
651
638
626
625
621
625
612
596
598
591
626
634
616
632
597
615
591
596
624
638
620
618
623
626
620
621
583
625
637
633
620
634
616
613
631
628
618
597
633
627
611
621
643
612
605
652
588
592
648
638
595
618
625
632
616
646
636
617
625
620
633
619
637
616
629
610
622
629
586
620
591
632
642
623
621
629
616
619
613
622
626
614
597
587
594
891
633
630
631
618
715
707
626
629
635
625
634
630
633
662
619
666
629
662
650
675
653
651
688
658
644
646
635
644
679
658
642
620
661
632
650
650
673
620
638
630
642
626
670
630
914
666
665
641
669
656
675
645
649
650
663
649
638
662
669
655
657
646
665
650
655
654
664
641
655
657
674
647
655
645
745
640
656
656
1101
1060
1059
1058
880
627
623
617
628
620
625
649
628
646
685
664
757
678
705
701
745
695
699
707
767
706
699
654
658
631
625
628
638
636
616
628
631
633
621
625
647
660
611
723
892
640
660
611
654
620
663
697
658
641
688
606
651
654
639
668
659
730
645
658
649
622
632
657
650
626
622
661
631
671
631
656
664
630
650
648
662
669
647
658
652
887
655
660
654
660
648
655
642
660
655
662
666
655
660
658
644
656
646
659
647
1057
874
650
614
623
630
638
624
629
628
632
644
656
610
609
637
645
624
645
641
705
809
633
646
647
618
631
622
669
642
654
645
682
645
660
643
653
642
670
627
654
667
655
647
652
609
611
622
619
604
655
617
624
672
663
647
634
667
641
651
659
629
639
625
653
666
643
682
666
649
683
628
661
614
667
645
673
664
643
657
654
653
661
647
661
687
644
655
655
650
677
646
652
664
647
654
647
665
651
652
654
