1824
1868
1781
1789
1893
1910
1893
1753
1850
1201
1228
972
1470
1316
1260
1276
1261
1244
1347
1114
939
1264
1364
1368
1195
839
820
859
852
1169
1227
924
921
920
918
928
923
1385
840
1137
1019
764
728
696
715
682
681
698
695
639
626
658
650
635
651
631
656
638
678
622
644
633
641
632
651
607
608
618
656
613
617
619
607
604
698
676
1093
1057
1062
1062
892
645
623
665
623
648
630
650
650
623
654
660
660
659
633
631
623
627
623
622
621
631
654
680
679
704
679
677
677
690
675
676
678
688
689
678
1095
1052
1051
1053
1050
943
676
681
760
640
640
630
701
628
646
659
659
649
692
669
656
654
666
657
655
654
666
653
654
660
657
659
656
656
657
654
662
658
620
633
611
613
617
611
614
618
613
639
659
629
635
721
685
689
624
643
625
692
637
636
622
684
642
947
1103
908
1049
961
1094
1062
1011
1058
923
1027
1024
982
843
661
640
636
647
794
895
687
855
627
631
673
737
730
708
681
644
641
714
716
678
607
613
634
680
678
686
695
648
670
656
645
646
635
618
637
649
667
663
653
662
996
1013
987
887
833
984
986
983
985
980
989
976
981
941
949
979
999
647
633
634
638
635
641
624
637
633
618
614
625
649
627
641
636
639
622
652
646
639
636
684
633
670
612
619
647
641
647
641
632
626
623
622
625
640
676
649
660
646
648
608
609
608
614
624
617
655
617
624
627
615
617
633
617
618
617
615
612
611
613
628
618
624
679
629
630
780
605
622
645
624
628
649
641
643
641
654
633
849
908
623
650
678
730
716
733
1039
782
830
880
911
769
766
832
1281
1285
1277
1281
1141
721
735
737
683
674
828
679
660
669
652
643
733
652
626
610
631
642
754
627
1065
683
683
656
654
644
636
655
640
630
628
934
646
638
612
616
682
637
660
629
910
611
650
665
631
666
708
656
759
628
635
628
631
681
667
643
649
649
664
615
620
972
754
928
975
950
613
688
628
645
674
669
691
666
650
658
625
618
622
606
611
658
609
610
751
616
661
678
614
632
655
722
621
613
606
613
601
679
691
710
681
683
693
716
669
688
667
652
656
669
868
980
857
984
912
960
981
903
915
645
689
692
679
693
679
719
636
663
707
619
640
620
725
616
683
681
694
695
611
615
617
648
613
630
618
673
676
631
712
623
680
681
680
1097
1058
1055
1057
907
632
1027
1026
843
610
636
647
650
622
651
644
641
645
710
641
644
632
617
717
625
699
625
644
640
622
674
673
651
672
611
649
616
633
713
606
604
615
615
656
689
661
659
706
655
700
876
669
667
658
659
657
742
681
686
713
681
690
682
671
645
651
635
618
629
659
619
609
616
624
644
698
675
657
656
603
642
781
993
899
1007
1004
993
1034
850
635
625
656
708
680
653
642
657
658
657
681
679
684
687
679
678
608
620
607
616
644
637
665
636
717
615
619
711
1046
1045
948
1006
664
652
694
663
656
648
644
645
622
639
635
619
624
622
631
695
680
681
683
729
644
668
664
617
677
628
652
610
651
646
642
638
638
633
627
652
659
656
648
738
683
680
661
662
631
648
711
681
689
684
704
636
681
696
691
681
681
680
691
679
681
703
701
692
685
690
676
684
715
610
627
618
636
650
640
632
630
609
642
710
649
627
674
637
674
659
714
677
684
659
706
668
667
664
659
659
666
662
672
658
661
665
660
665
662
657
659
660
675
660
659
678
672
658
658
658
660
645
652
654
676
678
663
666
660
661
680
660
664
664
686
656
653
656
669
660
667
656
653
654
656
668
696
658
679
667
655
672
666
652
638
642
660
654
785
1134
1143
1072
609
650
617
666
617
939
626
617
984
1006
772
996
925
607
641
636
645
633
621
647
647
656
640
678
642
637
640
654
666
625
631
644
651
610
685
615
616
604
615
616
651
719
637
691
695
711
684
682
680
710
640
619
618
619
615
614
625
611
612
641
632
636
644
626
663
655
680
678
690
686
687
684
681
680
681
676
1093
1053
1053
990
889
678
681
613
606
609
614
607
612
660
665
651
628
632
649
615
618
660
647
615
614
616
612
628
629
1006
904
848
864
969
843
1012
842
1010
608
627
656
824
680
691
682
679
680
681
682
680
683
700
687
683
679
683
680
684
682
686
685
682
682
683
680
680
684
683
680
681
696
688
680
679
1103
1058
1061
1054
809
994
992
988
939
615
623
611
608
606
604
606
608
604
605
611
609
615
609
644
651
630
646
647
641
649
654
632
639
637
677
658
650
640
627
654
636
658
644
649
639
627
615
648
711
661
625
624
648
609
608
628
610
608
622
610
616
627
638
611
653
615
607
608
619
611
609
628
610
611
611
611
607
614
624
609
643
624
607
603
618
610
603
611
605
602
963
697
680
701
632
616
638
618
629
609
610
618
648
613
608
611
606
611
610
610
609
620
610
1114
1018
617
654
654
656
638
949
940
619
656
616
665
628
604
637
658
662
651
631
638
628
659
649
635
635
620
682
613
625
653
625
637
653
666
635
623
612
647
647
626
637
625
640
634
638
648
607
632
607
606
635
612
640
656
652
642
648
645
693
635
627
671
641
683
682
683
681
682
685
682
692
680
680
684
692
682
689
635
674
655
632
634
634
639
626
630
643
607
607
631
607
609
606
611
604
608
621
605
603
673
937
1030
1060
608
651
1009
1034
633
661
607
641
618
632
625
612
655
619
605
634
636
631
638
619
641
626
655
628
630
638
621
612
685
681
689
1054
1066
1057
623
668
639
621
617
614
630
667
633
643
661
620
612
614
619
617
643
624
660
668
660
663
661
661
669
672
659
666
698
660
661
659
660
672
658
661
688
612
611
613
610
642
686
654
660
661
653
672
643
696
617
619
615
632
617
613
632
642
623
668
659
676
662
676
660
681
666
661
659
696
677
660
659
667
676
660
662
618
611
614
614
611
621
631
655
686
659
682
633
644
644
637
620
655
643
644
703
651
609
607
631
686
682
682
694
678
677
680
692
679
683
685
693
682
677
701
694
692
1096
1057
1059
1057
807
631
613
635
645
682
680
682
680
680
699
681
678
686
679
682
683
681
680
692
682
679
681
682
677
679
682
683
615
617
668
678
657
659
661
678
615
614
616
613
619
707
677
723
682
699
685
680
681
694
680
681
681
694
678
679
681
691
679
683
687
693
685
680
682
689
614
658
675
686
654
631
642
614
663
674
638
615
630
614
614
933
684
680
695
683
681
619
615
622
656
642
640
671
645
631
648
641
623
651
615
610
616
633
625
627
629
636
632
634
662
651
680
666
655
653
666
688
662
656
690
610
655
661
654
652
985
1018
633
607
874
687
679
680
705
679
679
682
694
682
678
682
691
682
683
682
700
680
682
680
773
664
642
655
656
632
604
614
602
706
679
664
660
666
665
662
668
662
666
691
638
635
622
610
613
607
615
611
611
614
612
624
629
611
654
625
610
610
611
607
622
615
608
684
685
1114
1055
1057
853
818
696
696
709
679
679
691
644
607
615
652
672
663
660
662
661
704
659
666
655
759
1020
981
993
980
992
979
882
615
661
648
605
607
606
608
611
607
657
652
656
658
670
655
684
662
655
653
652
649
649
652
654
694
680
684
692
679
679
682
691
680
679
698
685
615
645
643
627
631
661
629
639
627
628
619
640
648
623
626
647
676
667
616
613
654
650
672
643
617
627
615
614
623
637
650
646
615
611
641
665
645
672
667
638
642
631
630
635
632
639
640
627
620
639
648
663
638
643
657
640
636
658
642
614
917
683
686
692
680
681
683
679
681
681
682
616
619
622
614
617
627
661
661
674
659
661
661
660
662
661
676
659
659
667
659
658
678
658
661
664
647
614
617
623
612
614
622
616
633
728
666
666
663
677
689
677
665
662
661
664
657
665
647
628
647
664
604
604
617
639
636
629
635
630
644
648
639
647
705
680
680
679
685
1069
1057
1060
1058
874
657
625
611
612
615
607
614
670
659
627
628
628
608
643
624
612
742
629
697
693
642
651
676
638
635
646
639
678
678
683
699
654
643
653
668
651
662
642
642
640
634
663
690
687
714
677
698
682
696
623
636
681
659
661
659
703
660
656
658
666
661
661
678
660
660
660
659
681
660
669
656
662
659
676
658
662
659
652
629
646
643
781
655
655
653
675
676
666
657
653
684
692
681
692
683
688
683
680
682
686
681
681
681
698
682
681
682
693
682
687
687
691
687
685
684
1110
1050
1015
1009
937
608
610
604
597
615
629
617
635
604
611
618
606
598
623
598
603
610
582
604
625
598
598
605
604
601
594
601
611
606
597
610
623
627
585
596
586
585
595
596
580
607
595
595
602
596
635
580
650
608
586
583
583
626
618
601
652
630
613
641
636
615
638
623
629
617
611
612
612
611
631
615
623
621
618
626
615
656
650
636
647
633
645
630
633
634
635
629
628
658
650
642
634
631
675
642
604
604
603
631
669
657
666
649
682
678
678
678
682
684
676
716
683
642
632
651
641
641
633
631
636
623
634
621
642
670
669
673
661
663
652
646
644
637
671
615
706
619
618
689
621
663
661
678
657
692
680
692
667
655
643
634
638
699
660
631
632
653
642
645
623
630
633
643
616
608
606
619
614
611
626
644
621
636
613
610
622
618
615
649
621
918
613
640
612
611
612
608
645
619
628
606
608
620
604
607
606
689
681
681
678
678
682
682
680
699
692
684
680
679
678
683
684
680
1052
1013
1007
1018
1013
651
652
651
663
653
652
663
653
652
654
624
624
607
609
601
587
599
584
584
666
651
653
650
666
648
672
652
650
648
636
615
610
613
625
626
628
624
615
619
617
627
664
639
615
612
606
643
631
638
652
640
634
642
610
625
629
645
615
627
641
625
645
648
658
635
639
633
646
614
657
628
645
632
635
634
615
604
668
646
640
653
638
646
608
623
635
617
615
638
642
616
608
621
609
615
623
645
609
613
687
680
680
686
692
681
682
684
678
676
680
680
684
684
683
682
680
681
679
1052
1054
1009
1001
874
654
651
650
653
708
678
660
658
651
651
653
670
653
653
655
666
654
653
653
653
654
655
664
651
655
654
652
653
653
663
652
653
652
656
1051
1008
1022
1022
845
720
649
655
654
661
605
602
962
913
895
872
850
929
693
693
686
681
698
693
682
683
681
694
682
695
684
692
681
681
687
691
681
1043
1056
1016
1022
764
635
594
598
598
584
632
613
620
619
615
613
631
618
622
627
601
596
652
635
600
600
715
681
647
623
611
622
612
626
617
625
634
622
637
633
641
638
628
643
646
638
857
759
981
831
989
979
985
895
851
665
702
690
670
659
652
680
680
717
680
680
684
694
680
620
644
641
641
616
640
619
613
624
613
613
675
645
612
637
641
645
628
656
643
659
631
615
640
618
616
613
615
622
633
617
625
633
616
625
617
615
629
640
667
633
910
609
828
848
895
908
972
988
924
1002
977
1118
948
938
991
959
943
904
780
924
831
983
928
672
667
654
653
655
662
655
664
658
656
653
657
660
655
653
657
615
609
607
614
767
838
986
977
611
649
813
616
617
605
607
618
631
607
621
607
635
645
643
639
654
622
607
607
617
605
606
616
646
633
653
652
642
629
642
655
619
667
645
656
709
787
642
627
653
644
624
633
642
616
647
638
636
653
645
674
687
659
652
652
652
663
658
654
681
652
651
659
655
652
684
710
682
677
680
694
1105
1060
1057
1009
945
938
909
898
814
940
936
897
898
940
938
944
818
587
586
608
630
608
594
608
641
624
615
595
587
617
582
585
586
601
624
598
628
606
605
583
581
592
580
580
592
886
652
604
585
588
649
617
692
646
658
635
632
643
630
668
681
636
650
630
636
631
632
634
632
635
635
643
643
632
633
633
649
654
634
644
636
632
643
588
589
602
589
589
589
586
588
588
617
693
637
627
635
630
655
653
665
650
656
653
669
651
655
671
650
653
653
671
654
650
659
652
651
654
664
654
657
655
654
654
652
666
652
658
1040
1017
1009
1010
1010
866
649
663
659
654
656
660
652
650
654
651
623
623
642
609
618
621
613
597
643
609
582
600
583
592
604
591
608
602
591
635
641
636
661
634
655
633
591
588
587
587
587
588
607
615
596
599
608
625
634
638
642
639
639
607
617
631
625
622
636
643
624
631
626
622
628
607
605
608
606
605
606
601
606
605
604
620
613
608
604
606
605
623
630
645
655
620
633
628
659
649
642
630
708
684
683
683
682
696
678
680
683
698
681
682
689
695
681
682
683
692
650
665
643
655
643
640
607
625
631
622
625
624
641
623
643
638
651
630
651
664
635
618
618
631
642
611
615
690
682
682
610
612
652
610
648
668
660
646
642
649
664
641
651
643
624
641
630
630
631
630
644
622
624
625
624
645
658
669
642
667
646
613
980
966
985
990
979
975
640
606
643
616
622
634
637
627
636
645
642
622
651
611
615
606
605
606
613
624
640
652
615
607
619
668
654
632
658
612
607
640
737
662
663
661
640
657
681
644
655
684
645
615
622
620
670
628
654
638
661
651
661
642
682
710
679
681
686
689
679
681
683
681
691
680
685
1104
1021
1012
1014
1003
650
624
607
611
629
654
610
617
618
611
688
647
619
617
606
599
611
633
635
614
606
588
582
585
609
586
664
653
653
658
648
649
651
660
651
651
676
1046
1013
1013
1011
608
636
629
594
597
604
651
655
650
604
591
588
585
590
588
616
621
602
589
613
597
593
591
591
599
598
612
592
594
587
593
635
651
653
633
645
639
633
591
588
589
592
586
589
848
676
682
680
681
692
688
681
684
697
681
681
682
692
699
648
639
634
631
621
623
642
639
637
647
642
642
667
640
650
646
647
639
642
1000
1012
921
929
944
946
943
943
692
946
656
652
659
694
681
686
692
682
683
682
694
681
689
685
698
684
682
704
695
682
654
654
673
656
653
666
655
652
1017
1014
1014
966
620
622
608
616
643
637
596
606
614
602
615
642
640
650
617
629
642
639
604
646
639
635
625
632
620
602
609
615
650
641
623
652
640
638
660
631
627
653
646
630
643
641
650
609
604
605
614
610
612
648
630
620
628
642
662
609
690
680
679
616
665
640
639
648
681
653
690
686
679
677
678
693
677
678
681
687
677
699
610
609
615
606
610
616
656
605
611
618
633
686
659
667
653
640
629
650
651
638
657
623
613
649
643
633
650
642
636
641
647
686
680
681
699
690
678
622
652
640
630
622
633
648
626
670
618
622
604
606
615
633
685
652
628
771
613
613
637
648
647
662
615
647
654
641
621
670
626
656
642
660
634
641
668
645
608
651
623
645
649
666
639
677
669
621
662
622
655
642
645
657
675
739
656
618
636
684
689
651
632
647
699
608
622
636
643
638
639
639
623
643
610
606
643
649
637
666
638
626
614
640
641
698
631
659
620
629
654
646
639
644
674
635
627
615
601
612
625
605
609
625
683
645
673
715
983
953
971
970
988
635
608
630
623
639
631
642
636
643
678
682
679
679
681
684
649
653
651
667
656
1011
1015
1013
1019
601
582
583
581
581
594
580
587
603
586
620
603
583
586
598
618
593
607
610
598
591
596
617
607
621
616
579
600
585
582
584
581
581
583
664
658
671
649
1052
1015
1011
1016
1013
605
677
640
612
604
617
636
583
601
599
604
597
596
587
585
630
655
621
583
579
588
596
581
598
583
581
593
579
582
579
580
590
584
583
588
580
581
601
579
587
585
581
602
589
580
607
592
588
621
588
587
590
947
960
1009
582
584
599
617
629
629
597
620
611
627
614
612
597
614
629
614
598
609
621
634
599
650
673
653
651
1012
1008
1011
1007
856
650
653
693
652
653
659
648
651
671
662
650
651
654
629
616
609
614
619
618
610
617
656
618
602
605
609
623
616
619
638
616
607
625
616
637
616
614
614
616
614
621
654
723
654
915
583
593
595
580
580
591
581
578
581
657
651
669
580
581
594
611
616
621
622
619
613
609
602
604
599
619
632
618
605
614
587
581
579
631
673
1035
1012
1011
1012
906
787
653
658
654
657
598
629
655
602
619
601
599
598
614
615
619
587
589
611
632
585
604
587
661
653
654
650
657
650
653
650
662
652
652
666
667
1004
1010
1008
1013
735
611
972
985
652
611
626
610
603
620
597
582
613
599
591
584
612
623
586
616
612
610
623
622
617
618
614
601
626
609
599
583
584
580
606
597
595
606
579
635
619
626
589
937
952
828
582
584
581
579
582
578
582
609
588
654
586
606
661
682
695
680
683
690
692
680
683
688
689
703
690
692
733
682
686
681
1096
1054
1055
1054
900
945
590
584
621
653
652
665
650
650
659
652
649
655
661
668
662
655
653
651
653
690
608
619
636
614
958
958
935
898
955
944
938
585
763
599
627
639
585
586
602
582
581
598
580
582
584
583
601
587
645
655
655
648
654
590
627
613
603
584
596
608
583
582
595
580
658
676
651
678
652
664
590
583
628
587
581
592
578
617
638
615
675
631
603
581
597
584
588
589
607
587
605
599
646
627
649
629
641
640
629
633
630
628
628
632
629
626
671
647
628
628
627
626
630
628
627
626
626
626
579
585
579
584
580
580
609
581
578
663
586
586
646
608
633
625
613
614
620
610
620
597
586
588
610
586
586
592
586
585
602
586
584
592
582
586
624
594
582
601
585
583
610
585
606
603
582
582
594
577
582
584
581
613
643
628
630
647
628
626
654
633
652
639
632
654
656
655
653
671
672
654
652
654
649
653
651
665
652
581
632
627
628
634
627
625
634
627
640
641
627
579
600
580
623
893
680
689
679
680
689
686
658
661
667
623
612
634
622
606
615
612
645
652
682
639
661
610
609
617
629
609
664
697
682
679
682
709
682
682
1088
1052
1053
1050
862
717
631
628
661
680
678
677
693
679
677
685
685
685
680
615
619
603
612
629
649
644
654
645
645
646
640
652
642
645
643
656
664
679
679
686
1104
1052
1010
1008
1009
652
580
586
618
614
626
622
659
584
597
608
603
592
603
594
592
600
589
594
592
595
588
597
591
592
635
635
639
635
652
638
634
640
635
631
652
644
632
585
589
590
612
889
650
652
666
660
946
951
893
582
591
618
582
597
585
593
581
580
582
584
592
579
593
580
590
579
585
605
594
579
580
582
597
652
655
658
657
653
1013
1013
1011
577
582
602
638
610
636
629
700
585
583
585
705
652
652
658
653
653
652
660
652
650
653
651
667
593
622
598
586
601
597
611
608
614
607
599
611
607
626
657
615
622
641
641
613
595
613
618
682
600
607
597
598
946
952
849
579
723
631
645
625
637
641
627
626
643
623
628
635
627
649
650
627
630
648
627
627
680
631
626
637
628
626
643
628
579
626
635
611
619
654
625
602
648
964
1005
590
580
682
578
583
583
595
596
645
613
623
623
646
634
604
603
612
653
655
653
651
662
650
650
662
651
651
658
665
616
613
610
650
634
612
612
601
653
664
652
656
651
693
679
684
684
681
688
689
691
682
656
610
616
606
641
672
625
606
615
611
605
615
647
606
668
642
682
655
654
603
625
627
648
624
605
709
663
660
666
673
659
664
634
676
659
660
656
657
654
665
664
657
667
654
654
636
668
641
627
631
629
611
612
622
611
613
626
680
681
684
687
1019
1010
1014
1011
880
652
663
652
650
658
649
600
582
581
582
581
601
580
589
973
952
947
945
951
948
956
872
579
585
578
579
595
609
623
598
595
627
605
617
620
611
607
628
606
595
625
649
659
633
649
697
634
633
695
663
659
670
659
659
661
672
665
669
664
666
662
660
669
659
662
661
676
659
662
664
661
666
726
683
617
614
615
613
615
613
941
999
1000
892
936
994
1007
988
614
662
645
636
698
680
687
678
690
680
693
682
696
682
681
681
690
681
682
681
717
683
680
1101
1050
1012
1011
887
664
653
658
665
656
652
660
656
654
653
653
652
616
622
623
598
625
595
639
629
597
604
603
620
601
602
624
607
604
627
598
659
601
596
622
608
627
613
614
612
618
612
657
636
603
636
610
664
666
604
637
659
651
650
649
651
671
651
652
657
649
657
649
668
673
652
704
623
592
597
621
610
614
627
617
614
621
612
589
623
614
617
626
613
936
935
952
881
954
938
952
888
900
894
932
953
953
939
933
834
948
932
934
582
579
587
582
582
581
592
579
628
637
624
594
589
580
585
581
581
582
884
659
653
655
668
650
650
652
649
650
661
661
654
656
654
652
651
654
666
653
670
653
652
653
653
664
654
661
654
652
652
655
664
652
668
652
1008
1014
1011
1008
606
818
660
662
653
655
657
651
651
660
654
664
658
655
658
651
664
659
653
664
662
658
652
658
629
630
629
630
620
603
617
630
583
613
599
617
621
614
614
630
711
621
599
642
970
980
588
613
597
634
586
619
604
621
633
654
652
658
651
651
652
652
652
654
662
651
654
580
575
612
660
627
590
631
629
629
628
653
1000
1015
1010
1014
1019
817
831
587
632
632
626
618
634
612
596
612
614
623
602
607
620
635
619
613
648
613
608
634
617
613
626
614
612
631
614
624
622
622
613
622
615
622
632
633
619
616
639
622
646
646
621
606
640
646
634
655
633
634
669
626
639
624
641
642
628
633
653
616
660
622
621
631
641
614
623
613
619
612
624
619
663
629
647
618
621
616
615
665
667
612
909
725
682
708
681
682
682
674
643
682
706
676
681
681
684
679
680
686
683
679
684
682
683
681
681
694
680
680
680
682
684
681
660
607
622
603
606
603
648
650
627
678
679
680
682
681
609
613
623
639
630
658
636
611
659
645
634
625
644
682
678
682
679
678
681
681
681
683
680
686
683
682
683
692
681
697
1058
1040
1018
1019
852
605
624
590
619
663
617
637
662
675
667
657
655
660
671
659
656
655
659
654
654
666
661
661
655
658
656
653
676
642
630
661
628
628
629
636
1045
1055
1060
1070
1057
877
707
695
684
661
642
620
639
714
714
688
665
704
707
769
742
775
743
779
786
652
667
642
656
632
638
637
627
624
625
641
649
664
620
640
621
653
642
628
634
627
615
623
616
617
653
651
630
617
620
613
618
636
658
644
660
613
646
664
652
627
624
623
666
653
723
653
658
665
657
662
665
669
656
658
658
639
639
659
669
638
621
654
666
687
691
662
661
656
656
663
646
635
650
630
657
647
647
609
617
710
662
656
637
636
622
699
681
694
679
682
680
693
684
683
612
604
608
611
602
604
993
988
990
946
811
989
976
987
983
1017
972
984
901
893
878
1018
937
949
940
583
583
601
579
633
633
608
609
631
1003
1019
1017
857
710
649
657
620
597
620
650
650
642
616
614
615
589
582
655
653
661
652
658
589
578
594
615
589
590
591
590
591
601
586
590
589
588
610
587
588
605
604
590
614
579
617
612
620
662
696
661
643
716
687
691
691
682
617
625
656
636
667
629
634
660
656
656
659
662
662
710
697
662
666
662
667
673
667
664
666
660
679
671
633
611
631
611
616
623
625
643
637
673
620
619
663
636
625
633
624
628
629
629
622
631
607
603
603
653
653
657
642
629
636
629
631
642
633
628
627
634
659
621
629
632
648
617
630
619
631
626
627
624
637
623
1061
653
660
672
656
654
653
663
651
660
690
682
684
685
682
682
686
685
702
698
682
752
682
708
682
680
681
691
686
682
682
690
682
680
653
1017
1014
1014
1011
882
636
630
617
601
593
591
588
591
595
593
590
594
593
593
588
593
593
591
592
592
589
583
586
587
586
583
586
646
613
643
645
659
633
614
656
633
653
616
604
610
632
623
613
611
642
651
626
614
673
681
677
656
682
654
688
695
705
680
679
711
682
724
649
668
660
665
706
694
679
682
681
690
682
681
1063
1053
1057
1053
1047
714
662
627
622
630
647
651
658
662
665
683
683
686
685
679
681
693
682
677
678
681
677
627
623
619
620
613
611
615
630
611
619
614
615
629
616
613
622
612
610
639
627
612
619
615
694
684
959
1011
1028
637
612
606
787
611
603
608
616
611
750
680
689
681
683
680
693
681
680
686
695
685
681
683
714
693
684
683
695
1101
1062
1009
1011
584
943
925
922
613
577
950
930
914
717
599
581
585
595
586
585
596
597
582
596
586
582
592
623
587
586
586
585
583
584
584
597
583
591
639
628
587
590
580
581
584
653
625
652
635
625
633
662
640
673
671
656
644
650
657
642
619
607
989
1014
1003
976
970
977
983
981
997
993
954
959
953
950
954
944
824
961
950
953
865
824
950
941
951
940
953
734
583
582
581
658
655
676
657
651
661
653
653
605
612
610
622
615
626
615
611
658
605
629
615
588
619
587
588
596
594
587
594
594
625
595
592
592
593
588
620
618
618
621
650
656
607
608
633
663
657
654
667
691
681
720
693
677
680
683
688
618
655
756
611
657
643
647
756
629
673
635
668
621
720
612
608
620
637
626
635
634
635
645
626
645
621
650
681
680
687
696
678
684
678
694
697
655
659
655
651
661
660
653
578
606
636
613
611
624
614
628
602
603
594
614
618
631
610
612
614
625
615
638
646
615
669
677
664
663
663
660
662
679
664
657
662
667
657
657
659
655
658
658
714
654
643
659
636
678
663
668
621
621
663
670
708
658
663
678
657
647
605
604
682
652
637
645
668
634
640
640
648
604
627
604
615
626
617
615
616
654
612
613
616
687
647
650
641
635
666
1049
613
610
623
613
671
647
620
687
678
657
633
639
639
641
651
649
656
655
645
682
679
677
693
684
678
701
609
680
678
680
699
716
681
682
681
1020
1012
1012
1013
1007
651
652
670
653
655
654
665
660
655
652
661
652
653
662
668
665
655
654
657
652
659
652
652
657
652
653
654
663
652
651
656
651
665
653
664
1027
1022
1015
1012
1004
654
665
678
653
655
685
945
933
906
977
931
979
884
934
582
592
581
580
585
578
583
587
656
590
587
586
592
591
590
586
585
586
584
593
588
583
585
579
595
602
620
637
585
614
652
629
676
659
658
655
695
665
654
662
658
664
657
656
669
655
657
661
664
655
657
657
679
661
654
670
654
654
660
656
656
619
653
613
604
618
626
700
674
668
689
658
678
815
657
655
661
669
681
675
662
653
682
654
694
658
663
662
660
671
662
663
661
683
667
667
668
661
663
668
663
683
669
611
611
615
613
613
740
684
662
637
622
629
630
694
691
680
680
690
691
681
681
679
691
683
681
683
689
688
687
682
692
681
679
679
698
685
679
681
695
679
1046
1055
1056
1064
1017
905
647
662
654
681
660
652
652
658
649
654
661
651
657
654
650
651
652
683
653
652
671
653
652
656
665
654
651
653
653
662
651
662
651
654
1044
1012
1007
1001
858
661
677
592
600
622
952
961
956
906
890
909
954
750
802
989
939
964
587
587
580
581
578
582
582
581
580
590
581
578
579
580
628
614
594
612
623
603
619
628
626
663
627
638
642
653
627
627
653
633
651
652
608
606
600
639
628
608
598
601
628
583
662
658
650
664
653
672
655
654
662
650
651
653
662
998
1019
1015
908
693
659
653
667
634
594
625
664
616
621
623
625
616
654
613
586
598
606
626
643
631
604
614
627
588
619
612
630
612
604
619
613
596
604
599
618
599
599
594
595
624
595
604
610
620
598
870
664
660
651
653
660
653
651
660
652
650
654
663
652
651
659
668
651
656
667
653
652
652
657
653
652
667
653
654
654
652
670
654
659
652
1040
1011
1011
1011
1017
859
650
650
655
653
653
652
654
654
653
654
663
654
652
654
651
652
662
662
652
652
657
653
653
660
666
653
651
657
652
653
652
664
657
652
654
1011
1014
1013
1011
850
964
946
952
931
885
602
695
585
604
601
579
593
577
581
582
580
579
615
621
650
657
657
651
652
667
651
651
664
667
653
652
659
653
652
1048
1010
1009
1007
813
616
601
614
623
633
626
652
650
655
652
652
676
659
651
650
651
662
653
655
666
653
649
653
661
654
651
655
668
652
657
696
652
655
658
650
651
1008
1010
1007
1010
882
611
614
664
972
1008
581
580
581
582
629
632
634
625
628
629
624
627
624
626
631
855
614
601
633
607
615
599
593
608
608
598
612
626
618
600
619
611
586
626
612
606
689
586
826
920
885
633
615
768
581
582
577
587
586
578
591
610
607
619
615
598
616
604
610
638
653
654
660
652
669
651
663
652
653
654
650
651
654
1018
1016
1009
1008
926
666
606
610
620
600
613
662
609
636
622
614
599
614
640
599
597
611
626
614
644
607
616
615
593
609
624
600
615
586
659
652
656
652
650
651
651
660
1027
1016
1015
1008
812
734
661
669
652
662
601
611
601
587
609
607
632
613
587
651
596
598
615
607
895
869
855
648
582
625
614
610
585
653
651
611
603
603
600
601
633
596
601
623
606
609
603
601
592
614
602
627
641
627
625
654
659
659
660
653
698
623
674
640
610
650
648
616
647
629
621
622
637
610
625
635
653
655
654
653
652
679
669
650
653
663
611
605
612
604
622
615
603
606
614
610
683
653
673
611
610
614
610
617
665
643
641
668
685
620
630
630
607
636
636
607
623
653
606
626
646
625
621
625
645
644
1013
952
971
974
936
937
930
938
946
940
961
882
732
945
933
951
962
916
726
941
939
929
938
956
856
956
947
953
939
948
939
940
934
940
941
909
943
593
578
677
672
963
982
599
577
627
598
583
583
581
590
582
941
579
654
680
651
654
656
657
595
588
589
596
590
590
757
588
657
626
657
636
631
582
587
586
579
579
582
633
641
888
937
854
584
586
828
583
631
614
621
617
625
586
583
584
629
635
639
627
632
636
633
626
637
637
632
635
631
631
634
648
633
650
661
587
587
596
587
588
679
961
984
973
582
620
636
598
601
600
615
613
617
649
651
651
664
654
655
676
653
616
610
625
623
597
619
602
608
597
608
605
598
592
592
599
598
592
604
606
978
579
577
587
583
645
615
600
635
653
648
668
673
656
651
653
652
658
651
652
657
655
653
653
664
653
652
652
658
652
651
669
653
654
650
650
667
653
665
654
656
990
1009
1010
631
634
596
589
673
662
654
655
653
668
619
618
620
651
632
640
643
651
662
656
626
637
653
645
645
623
621
630
623
649
607
608
621
680
682
682
690
1069
1049
1050
1052
955
617
611
623
964
991
793
629
635
681
628
634
673
632
645
632
643
689
646
638
651
626
661
660
652
703
654
656
930
607
643
629
648
643
684
1085
1053
1052
1039
718
644
1015
1048
622
695
828
618
604
613
635
775
998
984
958
909
973
975
949
873
896
826
971
606
635
608
581
623
638
603
624
620
598
599
586
616
594
619
587
644
633
656
657
655
657
662
657
654
681
661
655
661
632
649
629
631
621
627
629
659
619
652
693
679
632
615
625
613
612
623
659
651
628
613
611
612
651
681
687
683
706
684
681
686
691
681
680
694
693
610
658
632
639
646
646
639
636
681
689
679
680
682
710
681
680
678
694
680
682
690
695
1106
1062
1056
1059
737
650
645
622
675
628
665
681
679
696
678
680
683
690
681
681
679
691
680
684
683
693
680
682
683
693
680
681
680
689
689
681
683
694
686
1092
1056
1065
1061
954
685
690
633
647
646
635
635
642
646
633
633
640
638
646
673
649
637
664
688
671
656
650
654
666
650
652
587
635
627
629
626
661
591
586
580
578
578
580
587
591
661
656
650
654
662
652
651
676
662
651
653
653
663
654
652
653
654
653
652
664
654
653
657
649
654
654
666
655
654
653
653
655
657
678
652
1011
1017
1013
1016
878
705
674
652
653
664
651
652
653
658
656
656
664
657
680
655
653
654
656
670
650
659
654
652
651
655
682
652
653
661
659
652
652
659
652
651
1012
1009
1009
1012
711
624
589
593
597
635
660
630
633
637
593
597
601
607
635
589
593
590
592
592
596
589
609
592
616
634
611
644
625
606
610
628
612
617
629
624
643
661
1010
1010
1007
1011
1004
602
612
624
620
609
654
653
664
651
683
650
672
650
650
667
653
652
653
659
649
650
659
652
653
653
661
666
662
599
592
616
596
587
618
599
631
606
618
663
613
623
649
607
698
690
683
685
680
701
931
999
990
854
803
996
988
997
984
987
984
988
971
947
583
581
636
614
584
620
621
660
618
620
614
624
599
638
618
632
629
619
600
618
618
606
632
601
609
617
603
627
641
615
594
607
599
617
633
600
614
602
602
605
602
606
602
598
604
582
615
583
607
583
585
587
588
622
626
625
602
625
641
628
629
718
629
664
662
670
661
656
655
667
656
657
661
655
690
798
1000
917
626
683
656
644
658
641
620
633
621
641
692
691
685
1095
1054
1063
1061
852
767
677
677
685
682
686
681
681
685
682
678
684
686
683
683
653
651
615
637
630
655
663
680
670
655
664
669
653
651
655
651
652
655
680
651
607
641
605
606
612
606
630
641
606
611
626
648
608
621
608
609
611
607
609
651
619
617
626
617
613
611
609
604
603
642
673
625
625
657
676
616
642
626
628
649
634
623
611
636
648
623
633
643
647
617
620
622
635
619
632
964
1006
1016
714
627
638
650
647
921
616
624
619
610
651
632
671
645
629
629
655
627
622
637
627
630
647
633
623
626
647
631
655
651
632
672
639
667
632
635
632
623
705
635
642
668
842
968
935
604
625
821
615
604
605
647
644
646
637
624
631
629
625
625
640
608
657
632
662
644
630
665
783
625
610
626
612
615
612
648
644
653
610
607
636
861
983
975
608
610
622
617
604
614
606
606
611
627
612
603
617
607
612
701
683
680
679
644
605
632
617
612
618
613
608
610
628
644
614
614
611
610
614
613
648
999
1028
616
653
706
1041
1053
632
920
774
650
655
647
641
614
609
616
621
637
631
660
659
657
657
654
653
669
662
678
676
667
676
610
614
630
637
634
613
648
694
1024
1035
675
609
705
1032
1025
609
929
643
644
631
660
630
623
640
633
625
642
668
627
644
640
622
634
622
641
656
636
648
653
609
641
653
644
667
650
672
610
612
607
604
603
605
630
610
615
612
603
638
645
616
712
683
696
684
691
680
689
682
681
677
683
678
683
680
692
681
690
687
682
683
681
1099
1051
1053
853
851
692
683
681
694
681
681
680
703
679
681
703
694
682
682
681
693
616
613
622
615
616
653
615
613
624
612
615
638
616
615
635
634
629
615
625
636
631
689
639
627
611
619
623
641
630
614
633
633
630
631
632
675
643
631
632
722
623
638
640
628
630
643
633
629
633
644
632
635
612
644
624
638
635
643
647
610
606
617
657
651
655
1047
696
679
683
692
615
647
617
617
689
662
676
664
659
664
662
661
666
679
663
662
662
676
659
662
661
667
663
660
666
659
661
665
668
678
662
612
614
614
616
739
654
655
663
652
653
664
683
682
681
691
684
678
680
689
678
679
677
689
678
617
609
647
652
628
657
650
645
648
632
642
641
622
639
627
626
633
635
634
623
630
635
606
610
665
1005
989
844
805
888
961
1011
912
964
613
606
603
609
605
615
644
640
647
659
654
645
653
645
651
641
657
660
659
655
696
684
1106
1054
1060
1024
698
677
687
610
622
639
627
623
611
612
634
624
622
609
626
631
653
659
641
622
627
649
639
644
679
678
679
690
681
685
700
704
687
704
695
651
640
646
635
641
648
655
645
637
618
632
629
619
743
897
902
983
1015
980
957
979
974
820
770
811
900
958
608
637
584
583
581
586
632
626
626
612
619
619
618
644
610
614
605
621
615
609
604
619
623
616
619
592
627
636
636
634
608
604
603
600
610
602
601
619
600
610
610
601
594
610
611
590
606
628
615
626
617
634
610
596
600
626
585
604
612
617
695
619
623
944
936
936
604
590
624
611
609
687
652
650
657
651
655
652
660
653
649
656
650
651
657
675
656
652
654
653
653
655
1054
1011
1012
825
589
903
985
589
582
584
636
629
631
630
626
624
629
642
626
627
624
625
626
624
626
631
629
625
626
627
626
641
625
625
641
628
625
649
626
628
638
581
585
593
581
589
586
588
610
615
636
682
683
680
683
681
680
680
682
683
684
682
680
680
680
678
683
607
617
606
611
618
604
605
613
611
617
608
603
606
605
644
642
633
633
646
640
628
620
630
622
672
683
697
683
694
702
913
998
898
650
623
631
645
620
774
607
603
653
625
641
626
639
661
638
629
655
617
612
614
657
635
649
650
646
641
628
640
651
642
651
615
609
622
614
636
935
1008
731
637
645
670
703
680
685
661
661
655
662
653
673
905
656
658
656
653
654
664
694
654
665
656
655
654
652
656
635
687
639
636
622
677
656
654
791
617
617
611
661
645
612
626
608
610
612
608
658
640
668
623
622
669
621
641
625
635
639
643
630
639
641
660
640
682
680
688
677
1092
1057
1075
1065
880
739
688
687
678
686
691
684
683
686
691
683
681
686
705
682
688
683
688
678
681
683
694
680
682
683
718
681
679
683
695
678
681
681
689
1069
1058
1054
1059
928
678
687
682
681
681
681
680
632
661
653
642
651
666
639
643
642
629
663
650
657
638
629
625
658
641
647
645
643
638
644
693
683
694
694
681
1056
1060
1059
1009
880
613
596
619
609
627
607
602
597
608
632
655
652
653
665
650
652
670
661
651
651
661
649
599
587
632
629
634
627
629
629
636
627
623
639
628
628
592
581
581
591
587
635
638
626
630
656
633
667
654
663
656
654
668
652
651
654
648
650
653
657
650
657
657
658
650
650
665
651
654
657
667
658
654
662
652
661
1008
1011
1006
848
649
610
613
586
655
661
653
649
668
665
653
655
1008
641
697
648
623
642
627
649
626
643
636
609
624
633
636
653
612
632
629
636
617
637
647
616
628
648
689
615
655
667
669
663
673
657
665
662
668
665
662
663
662
667
663
670
661
659
663
683
658
668
665
661
663
660
674
661
661
663
661
646
637
655
589
588
603
604
596
588
587
588
643
651
653
658
654
655
580
589
581
581
581
618
620
589
607
586
615
595
600
618
589
605
591
614
614
600
598
603
636
639
608
596
634
630
631
614
653
650
1042
1013
1018
1016
587
607
587
613
592
639
623
626
590
607
613
628
656
595
610
610
623
628
599
598
605
618
621
598
596
597
608
609
616
616
632
596
590
599
586
588
600
610
619
634
612
611
615
621
660
617
614
612
619
646
631
640
625
653
656
653
653
681
693
682
678
686
693
611
644
647
635
636
633
628
625
634
623
625
634
655
633
622
610
622
628
645
627
653
891
681
686
683
678
705
684
685
693
642
638
624
626
681
692
680
679
683
690
690
684
678
691
682
681
681
685
682
686
682
690
681
680
681
1100
612
644
640
643
658
676
643
637
662
649
634
619
614
621
627
618
619
616
616
613
617
618
618
617
625
620
618
623
622
614
618
614
618
623
639
617
626
618
615
615
615
638
622
615
636
614
681
1025
974
939
647
669
663
699
637
639
618
655
650
620
644
662
640
652
650
617
660
635
643
639
656
635
682
658
666
653
683
952
949
977
975
1017
973
989
987
940
1010
986
982
977
937
985
984
988
976
995
988
948
873
740
866
948
826
967
958
936
783
940
943
947
636
634
625
646
628
630
645
594
597
626
624
607
609
617
647
632
610
605
609
614
685
685
683
681
638
683
677
685
679
681
678
682
683
680
686
1098
1061
1063
869
891
707
679
680
644
637
659
664
694
692
683
681
682
691
679
681
684
703
684
684
686
691
681
680
692
704
680
683
691
685
680
683
682
1079
1062
1053
884
628
649
644
626
622
660
621
616
613
612
618
612
626
628
655
618
616
619
665
612
664
677
655
642
655
657
645
641
606
652
622
642
678
605
650
628
610
672
673
621
632
658
608
622
673
704
688
698
720
683
677
708
700
683
652
663
663
663
658
648
612
628
641
613
607
608
607
606
608
608
607
614
606
607
611
608
629
643
621
637
625
660
625
625
632
635
695
923
693
683
679
677
688
680
683
685
703
685
683
687
693
679
683
683
699
683
681
685
708
682
681
680
700
683
681
686
709
679
682
643
680
656
633
647
611
650
641
614
615
623
627
649
683
635
656
614
686
703
687
616
617
615
615
650
638
649
641
650
631
952
978
975
984
985
1021
1018
999
941
960
948
915
951
614
644
600
614
588
622
680
666
663
625
631
643
624
629
639
655
593
611
649
650
655
663
649
652
654
652
636
593
602
593
612
580
578
590
589
631
611
929
853
929
910
942
968
926
936
962
795
798
872
946
949
585
619
605
610
616
599
614
616
612
615
613
593
622
616
595
638
587
588
622
613
623
598
609
616
630
637
619
608
852
650
656
666
670
652
650
658
650
651
650
664
666
670
653
657
654
657
665
651
671
652
654
659
653
660
644
633
664
633
630
634
654
680
663
630
589
595
589
588
586
587
588
593
586
585
706
649
649
635
647
630
655
630
620
602
602
581
595
582
598
624
602
603
605
582
590
598
649
651
667
651
649
657
666
653
632
656
657
652
653
663
650
993
1010
1017
1019
828
750
653
653
651
660
654
653
652
651
712
655
663
654
654
655
653
660
652
663
654
655
652
650
667
688
661
654
653
652
652
652
797
607
582
580
593
582
581
580
578
598
584
637
937
962
965
858
595
969
967
877
579
680
593
619
630
591
628
611
633
588
581
589
616
602
606
607
611
617
597
618
615
585
642
619
629
620
613
619
580
634
606
633
950
989
592
615
617
972
978
590
589
653
595
597
624
616
598
603
629
598
619
602
638
650
622
649
653
656
632
676
653
655
681
695
684
680
1076
1055
1052
1065
1052
704
684
679
680
702
649
653
1005
982
988
953
1014
1010
977
982
604
668
664
652
664
628
607
611
619
610
611
612
607
687
624
610
692
1054
1053
1057
687
628
627
647
685
683
683
701
682
683
681
691
683
681
680
689
685
681
681
696
680
680
682
691
683
681
682
690
681
679
681
694
699
684
1097
1057
1055
1063
682
734
685
686
690
648
621
632
618
649
670
657
609
643
626
606
683
682
694
686
681
682
636
638
626
673
646
671
655
655
608
614
657
634
629
612
611
603
667
637
640
631
678
655
656
666
682
681
679
703
681
678
646
647
606
604
694
682
679
679
701
680
678
682
700
679
678
658
641
631
640
613
635
639
630
623
627
657
632
634
633
635
630
918
681
683
680
679
687
683
682
678
681
681
682
681
683
685
680
681
686
684
682
681
682
689
680
684
680
680
1089
1093
1067
660
639
632
640
632
669
608
625
715
609
609
608
614
654
701
681
682
683
686
700
678
679
700
702
682
682
695
682
680
680
692
682
685
681
693
682
682
680
690
685
684
693
1103
1057
1013
1012
994
663
597
578
592
600
601
907
925
613
593
600
598
616
610
600
603
589
626
637
600
587
597
585
651
653
650
649
652
682
652
651
654
649
655
663
660
587
584
592
580
605
635
678
583
634
632
622
627
594
607
618
640
637
647
604
594
606
614
588
591
580
581
580
591
603
605
645
595
602
602
603
650
650
651
660
657
654
653
656
652
1014
1013
1011
1018
652
633
631
610
585
591
585
615
629
634
642
643
669
665
613
638
641
635
618
656
677
680
680
690
683
683
682
676
690
683
703
679
688
678
606
648
639
645
635
654
728
629
603
624
662
615
607
700
635
659
644
614
611
608
613
605
605
614
607
603
629
603
683
692
681
697
684
694
688
682
680
695
679
682
605
609
606
608
602
602
606
633
719
607
616
687
651
668
648
645
643
641
633
625
655
658
634
618
653
622
608
629
628
643
622
623
633
656
640
662
628
621
621
658
682
685
678
684
1094
1056
1060
992
658
664
643
624
645
669
642
684
695
683
682
680
687
680
681
682
683
678
683
684
715
682
682
680
686
681
684
691
682
676
680
688
709
679
1079
1064
1105
1105
641
690
699
684
659
654
649
636
641
646
638
640
712
731
715
712
712
713
719
656
641
671
725
662
670
680
701
665
714
722
718
646
665
670
655
639
641
639
647
644
649
734
644
677
682
697
696
736
736
726
731
726
724
737
726
725
724
725
736
721
723
723
720
737
724
724
730
726
730
724
761
724
727
734
721
672
674
732
717
732
754
747
747
733
735
753
718
698
756
744
747
746
749
753
770
744
748
747
755
750
691
708
706
714
764
743
743
745
746
758
743
1205
1157
1160
1214
1162
781
782
693
733
760
749
746
725
785
760
742
749
740
726
718
800
780
784
784
782
782
786
803
784
780
784
780
787
787
791
1271
1215
1213
1228
1022
787
816
744
733
732
760
840
782
800
781
779
800
794
780
786
791
794
784
783
785
784
789
791
799
784
784
784
783
824
741
739
750
725
720
695
699
705
703
700
736
732
734
712
737
750
744
751
750
705
729
720
723
729
716
742
720
719
762
773
751
718
738
744
779
736
742
753
696
775
772
1140
835
838
837
843
822
821
824
824
831
826
825
828
835
840
837
830
827
825
828
826
825
973
1013
1216
1110
1166
1028
1188
1197
1117
1171
1203
1198
1111
1047
1047
1114
1107
1085
1057
1060
1062
1117
1168
1191
1076
1045
1212
1208
1194
1195
1198
821
764
797
769
806
783
798
784
789
750
775
841
831
842
845
826
835
819
824
823
825
831
827
832
845
835
825
828
826
1339
1284
1281
1230
786
749
747
767
748
766
750
805
800
802
802
800
815
818
805
798
799
799
804
798
803
834
812
803
804
802
802
799
796
786
766
740
740
740
742
750
747
813
806
794
798
796
798
802
794
793
796
795
804
798
819
804
793
801
800
813
798
805
801
824
801
799
819
811
800
909
747
801
785
792
752
796
797
793
861
843
826
823
814
776
750
741
781
800
776
736
758
782
770
731
763
769
748
742
759
773
744
768
738
761
764
761
761
759
756
772
765
1189
1181
1207
1211
1157
948
1012
1066
1209
737
831
824
827
829
828
833
826
844
859
824
827
827
831
832
826
1297
1278
1273
754
763
777
734
735
776
738
801
774
765
782
766
799
760
792
806
755
759
761
767
792
817
769
729
732
734
744
773
797
771
764
758
780
774
799
782
763
749
771
844
843
824
823
832
821
825
825
828
826
826
837
1948
1986
2319
2313
2007
1886
1754
2476
1790
1775
2070
2984
2840
1615
1323
981
978
786
794
784
750
743
750
746
722
731
677
676
691
676
680
680
689
677
685
677
685
678
681
674
683
677
677
675
1056
1058
1057
693
636
632
624
686
677
699
668
663
641
637
620
621
626
633
630
634
609
638
630
638
622
631
637
640
631
628
663
628
642
624
620
617
636
638
638
621
650
629
659
631
982
1011
955
980
992
992
996
1031
996
981
1012
979
980
1022
854
959
991
1021
976
988
998
990
994
978
977
985
984
992
904
991
986
990
949
934
1007
986
976
996
1012
991
992
883
946
986
998
988
963
976
984
1013
983
982
726
680
678
695
683
679
613
653
653
648
630
657
616
612
614
615
670
661
658
671
658
660
661
659
670
660
656
659
657
659
658
667
655
660
657
613
614
614
635
729
654
692
684
676
710
691
634
604
649
655
635
633
636
628
635
626
616
633
605
901
856
643
701
680
630
613
628
647
691
653
648
662
610
681
1104
1063
1063
1063
1049
941
678
608
661
638
643
685
633
657
656
653
655
654
666
651
653
653
652
650
654
661
679
652
658
659
652
653
659
650
649
652
650
652
606
631
607
603
614
629
606
617
605
613
674
722
622
649
652
645
655
655
612
624
643
658
612
681
693
679
678
681
686
677
679
684
697
683
679
682
689
707
679
723
619
606
604
639
639
633
630
643
660
627
988
982
978
1003
990
981
946
693
664
648
629
649
625
651
669
658
638
656
700
671
668
680
699
748
730
718
721
777
775
723
884
897
716
744
911
689
746
904
1001
958
971
765
786
790
744
782
769
754
708
681
682
722
682
688
702
691
699
616
605
654
647
642
641
642
640
687
680
677
1056
1058
963
888
681
688
662
670
665
679
678
709
677
680
693
700
680
682
682
692
682
683
683
694
681
685
680
690
679
680
785
1078
1087
1055
625
687
673
641
620
655
647
662
653
658
655
688
900
676
678
650
615
650
814
693
688
680
693
677
681
682
691
678
684
682
695
680
690
683
694
682
685
673
606
1078
1057
1065
1060
993
729
626
656
643
624
635
643
653
984
979
988
993
908
885
865
606
685
700
687
679
682
689
679
681
683
692
647
628
625
627
628
625
648
619
628
659
640
648
652
684
627
697
681
681
687
622
692
654
650
655
734
675
662
655
679
679
642
635
620
629
621
640
609
626
607
703
693
699
698
678
678
704
642
639
606
622
610
619
618
609
954
951
792
609
624
996
1017
863
612
627
603
642
645
624
640
628
649
635
618
626
636
624
627
660
645
623
623
641
626
637
641
645
622
628
639
631
642
638
622
621
738
618
623
658
655
711
668
665
642
650
618
605
603
608
611
603
606
612
606
609
604
603
633
607
608
616
603
605
617
602
603
625
606
603
621
603
625
616
620
636
653
630
620
640
615
940
713
1043
1032
985
976
981
974
971
938
967
906
618
689
684
615
659
652
661
656
659
652
658
657
656
663
655
669
686
654
640
649
631
615
612
898
635
631
640
640
646
644
656
633
642
622
652
631
621
633
648
626
645
646
627
656
625
639
632
647
674
657
679
610
620
628
680
682
610
649
680
685
1059
1059
1060
919
645
609
630
657
1027
1024
651
610
611
725
692
685
681
686
680
680
687
696
688
680
682
694
687
681
681
716
684
680
679
688
679
680
678
728
1058
1054
1055
1068
903
651
617
615
640
620
696
688
679
701
689
679
687
693
693
609
606
621
602
602
621
667
611
612
613
685
682
682
684
702
684
682
686
680
683
678
1062
1061
1055
1055
606
667
969
1022
1071
633
651
624
651
660
640
680
631
647
631
632
643
629
642
685
680
682
692
686
679
681
682
604
641
633
625
646
661
652
639
641
670
626
603
623
673
663
630
619
649
615
620
642
625
623
620
616
668
639
645
641
642
624
627
633
623
620
636
620
647
624
645
643
635
623
620
623
651
638
648
645
628
631
613
623
651
652
627
627
623
640
783
602
666
641
626
612
608
606
628
629
654
630
633
619
653
639
626
638
645
676
651
637
651
665
644
647
650
658
635
637
646
617
651
643
637
652
653
626
654
651
632
624
1070
684
682
679
683
683
684
680
682
676
650
635
634
651
621
631
633
636
665
660
647
646
696
680
679
679
686
611
605
613
611
606
617
633
619
629
631
621
618
608
602
607
603
606
615
612
606
653
651
657
641
659
645
625
611
650
610
618
614
614
624
634
617
619
616
611
612
623
640
638
626
617
611
643
611
615
615
628
633
620
635
641
639
635
636
642
639
673
697
619
635
634
639
698
693
944
709
608
615
606
612
633
611
624
634
623
628
633
637
645
628
635
642
703
660
654
661
913
615
603
602
613
605
636
621
625
641
640
664
638
645
754
633
611
657
693
655
664
666
654
680
683
690
676
678
698
690
678
680
681
686
676
687
681
689
680
683
680
696
685
646
626
641
625
637
636
644
650
689
638
638
636
638
1003
1027
634
604
665
618
606
609
618
682
650
713
681
679
678
681
679
677
679
680
680
678
679
682
683
680
681
683
684
679
688
687
1066
1061
1056
1056
891
641
669
642
625
668
624
620
629
642
625
645
663
640
634
641
625
630
628
641
642
643
628
630
627
673
645
655
655
653
689
678
660
658
669
659
674
619
613
620
612
633
681
660
671
656
663
655
654
656
661
667
656
672
714
681
679
636
633
614
625
664
660
663
663
659
661
661
669
666
630
640
632
632
634
632
632
639
593
588
585
587
583
598
596
585
625
703
637
634
632
635
689
645
606
622
614
600
618
611
623
603
625
614
598
602
623
612
620
610
666
662
652
654
601
620
608
628
624
627
629
628
643
627
591
581
580
576
581
578
582
591
631
626
625
629
629
626
627
626
626
633
635
656
627
632
634
625
652
654
651
655
660
652
650
652
649
664
656
662
656
655
653
649
652
654
665
1056
1013
1017
1019
1017
735
586
581
623
622
658
611
618
621
597
619
610
624
891
940
928
931
904
939
632
701
625
598
602
600
592
610
606
644
587
620
617
594
601
616
629
609
600
597
601
596
611
619
596
627
876
653
655
661
670
582
605
630
613
647
652
652
663
656
660
652
663
653
612
610
600
597
601
596
586
585
593
597
604
614
627
608
604
618
624
608
632
582
612
748
596
934
917
905
841
951
957
951
948
749
583
579
601
580
584
579
580
614
625
614
581
611
610
608
611
600
611
607
587
597
636
620
600
636
626
597
624
606
623
624
610
639
622
654
655
686
649
649
651
655
682
681
683
683
680
688
700
681
685
689
688
680
682
683
688
680
687
685
688
676
685
680
692
680
678
686
698
1068
1009
1009
1006
1002
653
666
651
652
663
653
649
651
667
669
654
590
578
633
609
624
591
605
636
611
642
586
612
603
612
588
634
618
613
676
649
649
654
650
656
659
1063
1015
1011
1008
1014
735
612
609
602
622
596
813
930
968
944
882
895
801
940
929
971
933
945
615
622
628
627
667
618
626
626
631
597
609
612
614
604
595
610
657
615
828
647
675
649
654
658
686
580
590
606
604
600
612
585
600
621
580
630
607
607
612
600
596
613
608
595
612
595
609
579
579
577
588
579
579
668
651
649
1016
1011
1012
1012
1019
620
880
927
882
628
656
599
731
628
628
614
614
595
610
593
617
603
624
626
616
606
627
622
618
616
578
625
611
630
625
624
628
600
616
610
617
625
589
597
600
600
662
966
995
975
582
586
954
985
655
597
577
580
589
577
611
604
610
602
611
581
582
580
635
648
604
594
600
603
603
621
611
595
606
607
604
609
610
578
589
579
853
590
615
663
605
632
631
650
635
649
632
641
634
633
645
584
598
593
621
590
595
613
595
642
612
613
625
664
652
652
654
659
594
589
586
587
588
617
611
597
592
627
600
953
938
932
959
974
940
932
934
930
905
932
939
934
875
816
765
658
666
653
970
932
938
975
955
932
953
931
940
935
950
933
583
669
656
672
651
662
651
651
655
665
651
650
660
590
633
632
636
632
631
640
632
632
649
628
672
656
654
934
978
981
982
978
1013
876
907
1008
814
887
846
769
714
659
656
653
654
656
661
649
651
677
663
714
680
680
681
689
687
626
672
650
642
651
628
619
630
636
670
656
616
655
643
639
656
640
649
678
646
983
980
976
981
984
860
615
605
620
605
606
615
606
658
664
639
627
633
621
621
630
634
622
637
621
647
627
630
637
651
629
636
622
655
649
614
618
627
649
650
688
657
633
673
666
635
622
634
623
640
645
670
642
641
647
655
614
641
625
606
642
647
681
682
692
680
683
681
691
679
679
681
1102
1017
1014
1014
1010
895
658
664
657
653
653
657
652
651
661
650
670
656
653
650
690
659
650
649
653
650
650
653
661
651
650
651
650
658
649
667
658
650
654
652
650
1015
1013
1012
1020
857
610
609
614
656
632
633
633
633
635
641
632
633
666
663
639
635
635
629
632
644
634
630
642
630
629
634
617
629
639
599
587
589
588
588
608
587
589
601
586
586
602
588
1004
653
661
649
655
656
662
649
652
664
652
653
661
653
653
652
664
651
654
656
652
582
579
611
621
625
621
605
624
606
591
629
589
609
609
650
653
992
1013
1014
992
652
652
601
643
625
597
599
614
617
605
603
600
601
600
604
602
588
598
580
582
596
614
612
636
638
633
600
611
666
650
679
654
652
652
651
652
1053
1011
1010
1009
1011
853
647
651
692
662
660
653
652
653
652
653
651
656
651
649
656
653
661
651
653
670
652
653
655
658
649
651
652
660
651
654
652
652
650
651
659
1025
1023
1014
1012
620
579
625
620
600
914
948
879
582
581
594
653
652
667
651
653
654
659
650
653
665
653
660
653
660
659
648
654
653
652
662
668
649
661
658
1057
1016
1011
1014
763
612
617
621
669
654
682
656
673
651
653
655
654
651
651
664
662
653
667
656
653
652
658
587
603
602
581
587
579
610
590
936
938
932
937
939
939
934
948
858
918
967
959
953
933
804
980
941
939
950
943
673
592
580
590
579
614
629
602
605
590
595
614
605
618
602
616
625
619
604
600
596
623
596
596
629
689
636
644
627
626
638
640
624
626
630
624
627
625
625
624
624
625
626
644
627
626
632
646
586
602
579
585
581
581
582
579
607
593
666
621
600
596
597
590
595
614
606
603
602
999
663
693
981
986
590
582
586
580
578
590
581
590
585
581
590
577
577
582
581
605
598
578
583
577
578
579
581
579
593
579
633
641
629
627
632
625
627
590
627
731
594
587
689
631
663
641
693
634
624
627
631
624
645
640
627
624
632
638
630
630
671
632
629
633
629
629
631
627
632
638
639
632
641
637
634
633
631
617
586
588
591
614
621
620
689
641
590
596
616
589
609
621
626
689
657
665
653
657
651
652
652
654
669
651
652
592
578
580
585
580
578
583
579
602
611
585
650
663
673
653
653
653
1051
1014
1012
1025
1018
667
619
620
626
601
614
616
601
614
678
658
657
658
662
653
655
658
664
640
629
645
639
616
659
640
647
663
646
640
621
627
657
661
665
660
625
645
632
629
623
618
620
872
679
692
678
680
681
696
696
694
682
689
686
682
682
633
654
623
612
675
664
653
904
603
650
641
654
623
649
627
648
692
811
700
640
650
610
616
929
607
629
627
638
633
635
687
680
681
626
626
691
639
723
712
613
663
624
646
654
656
624
648
644
664
684
629
680
683
642
628
633
605
660
697
681
676
610
639
871
654
965
940
914
985
979
983
979
927
925
916
867
845
942
1016
978
1005
1020
974
1002
945
977
977
900
736
657
632
675
671
651
692
681
651
622
697
705
658
645
668
763
676
678
696
680
685
683
689
680
680
682
695
682
683
681
699
678
679
686
689
680
681
680
708
678
681
680
688
680
680
681
693
691
682
1055
1051
1057
879
651
653
656
654
668
654
659
651
656
652
666
661
655
665
651
656
653
655
656
654
664
653
654
652
662
653
673
659
653
651
654
665
652
651
1060
1011
1011
865
708
654
659
662
653
678
653
653
652
662
651
670
662
654
659
655
662
651
650
653
652
653
654
665
667
659
652
652
653
654
659
662
656
653
649
1019
1022
1023
1017
610
697
648
652
687
652
659
654
658
653
655
668
597
619
620
606
611
604
594
596
619
605
603
623
649
628
626
625
628
625
626
630
627
847
600
688
641
611
642
628
614
661
616
635
720
691
634
640
652
649
663
679
621
652
657
638
638
617
657
640
647
620
612
622
650
642
637
641
640
670
655
638
688
681
693
695
680
681
695
1097
1064
1062
1058
1013
691
627
883
927
923
582
608
591
585
629
612
601
608
608
996
584
580
578
583
580
579
588
578
587
581
580
589
580
639
620
615
625
635
606
625
624
613
604
616
603
615
658
678
957
712
676
684
689
680
680
682
692
682
684
682
689
685
631
617
616
612
632
612
610
620
616
613
611
611
612
611
648
612
621
622
612
615
623
613
584
612
608
607
641
665
618
867
578
580
642
628
625
626
653
645
635
656
652
637
608
630
621
623
611
634
628
637
625
628
635
620
646
651
621
641
626
628
626
613
649
618
632
667
627
638
765
618
633
655
666
684
685
626
643
622
639
624
617
613
662
626
622
622
623
634
643
625
624
624
641
654
645
618
646
622
606
634
623
628
663
637
632
649
638
612
611
605
636
714
645
682
694
708
681
678
682
691
681
679
681
692
681
680
683
696
683
659
638
619
643
630
636
652
611
626
652
659
651
635
604
617
634
631
610
627
639
641
636
629
656
633
632
637
627
660
632
635
644
637
608
618
613
623
612
633
611
661
1122
607
606
650
627
635
633
641
657
646
609
634
621
624
629
618
661
643
604
606
608
603
615
639
647
984
984
950
991
617
607
924
937
983
984
945
858
853
898
810
586
579
580
654
651
657
653
660
656
652
655
667
651
658
660
1056
1017
1014
1013
608
969
995
610
582
665
981
618
614
604
607
606
601
602
598
606
598
598
579
616
632
656
669
652
653
658
650
665
653
659
650
652
660
654
656
655
997
1009
1013
589
651
589
615
627
612
653
658
655
582
601
626
650
653
663
651
652
658
652
651
657
679
660
654
652
651
650
651
661
653
650
665
653
650
652
658
648
1014
1027
786
580
626
940
952
883
936
934
812
954
809
859
581
688
671
655
666
655
655
655
655
660
654
654
658
653
709
611
643
1053
612
594
616
597
596
651
628
588
590
616
962
969
923
941
946
956
939
990
853
949
921
935
958
1001
977
916
815
857
930
912
889
897
589
579
615
616
632
595
640
631
623
619
645
583
581
591
580
592
588
587
671
652
599
640
651
675
654
661
655
655
657
664
680
659
655
652
653
653
681
653
653
656
652
651
653
674
653
652
941
1010
1014
1010
657
617
602
592
611
597
596
602
609
631
608
672
661
657
652
651
652
661
652
652
669
653
652
654
662
653
652
656
660
654
652
669
653
653
658
652
1052
1012
1021
1016
944
730
616
593
617
649
621
620
590
589
596
640
607
604
590
587
607
587
588
601
586
590
606
619
637
606
582
601
607
614
617
609
613
590
597
593
598
615
582
595
604
591
592
614
600
587
999
619
595
604
619
654
663
628
609
609
622
605
606
616
598
598
595
597
598
608
619
603
631
650
657
662
654
650
660
648
652
653
655
656
652
662
1058
1016
1017
1019
1012
904
950
941
954
932
876
948
595
579
597
632
617
614
600
601
666
653
652
651
648
666
651
654
655
719
951
950
892
654
653
661
653
651
1017
1011
1013
976
593
604
624
651
604
612
596
611
617
580
607
612
613
620
613
600
586
593
588
588
598
619
598
620
589
586
586
586
590
589
587
589
589
588
600
619
617
618
598
614
587
624
624
586
625
932
940
942
957
950
953
974
991
604
734
833
989
615
604
606
605
660
629
655
627
620
633
625
620
621
628
643
622
642
626
624
633
620
597
648
608
595
603
592
598
582
608
619
606
654
651
656
663
652
650
654
651
652
677
662
652
596
593
601
625
644
598
623
617
596
612
624
602
601
606
606
594
598
621
602
597
622
605
590
606
581
611
624
590
592
597
615
609
607
642
583
658
631
605
602
633
614
607
631
607
622
637
632
621
636
606
593
621
612
622
607
624
607
589
624
615
635
672
665
1057
1024
1013
1012
1013
597
973
1006
603
594
655
659
681
650
660
658
666
590
629
602
589
589
588
594
600
586
622
590
607
591
592
611
597
601
587
588
593
587
591
590
601
588
624
603
603
627
617
623
608
581
606
586
644
633
627
627
645
635
608
602
624
626
620
826
855
1009
987
985
983
985
978
829
611
586
598
594
604
667
662
651
653
1050
1011
1011
1016
636
628
587
587
613
596
640
623
629
611
598
644
600
611
606
617
617
598
603
581
597
610
582
589
590
626
623
635
591
631
587
580
595
627
612
607
642
643
634
580
696
592
581
580
576
601
602
603
687
633
629
623
631
640
635
640
598
615
583
616
611
594
622
605
592
636
655
650
652
653
651
662
671
655
655
651
652
654
651
671
655
651
660
651
654
1004
1009
1010
1014
653
660
655
665
660
652
653
662
652
638
625
595
596
622
636
646
647
635
632
635
652
653
653
668
661
664
687
653
653
650
653
663
665
662
652
1044
1016
1008
1015
919
668
590
585
957
1000
982
613
609
670
654
651
656
652
658
650
650
673
649
650
656
658
653
653
654
652
659
650
666
654
651
661
651
656
653
1057
1017
1012
1011
912
597
591
624
629
620
614
622
635
617
618
629
621
614
598
599
599
610
605
619
597
603
583
656
650
652
658
649
655
654
651
651
653
660
652
649
681
661
1051
1013
1022
765
607
620
617
628
622
603
600
612
614
623
606
606
596
605
642
611
581
622
598
606
613
592
603
596
596
596
596
608
611
606
623
594
604
592
589
609
621
597
623
603
581
638
606
625
627
646
612
636
634
627
654
656
635
623
613
612
614
609
607
607
636
623
628
655
616
636
646
623
606
619
606
606
625
606
607
604
606
618
600
602
700
691
683
1103
1058
1070
1060
1057
670
649
656
656
652
683
668
670
660
667
659
669
675
660
669
662
663
664
683
663
660
666
670
674
660
660
657
660
660
682
682
661
661
665
661
618
629
610
613
626
732
798
684
678
709
685
681
682
704
696
637
642
629
639
634
642
1012
972
978
932
946
960
935
932
939
930
934
630
658
620
587
596
622
607
597
614
799
591
622
617
646
759
972
984
584
604
587
583
580
590
587
602
604
637
627
626
629
630
626
648
629
625
634
644
627
649
643
626
624
630
629
628
587
619
631
657
962
983
1006
604
667
998
991
590
586
661
661
652
654
650
657
652
657
656
651
657
655
650
670
665
654
653
653
654
652
652
596
596
592
643
612
602
758
643
669
624
626
603
596
638
932
931
577
582
591
582
601
598
615
594
597
603
608
596
589
583
595
600
607
592
608
596
598
599
613
610
605
598
597
873
579
576
577
588
576
578
626
584
614
602
589
983
1001
583
585
577
582
611
628
617
616
628
627
632
583
599
655
650
656
651
656
666
650
653
652
652
653
656
653
655
665
652
657
653
986
1010
1013
969
590
652
598
585
613
627
599
629
648
640
636
629
632
641
633
957
901
621
608
632
612
607
633
614
654
659
629
634
623
627
624
620
627
645
622
644
650
627
631
678
627
673
630
609
632
642
653
692
642
641
624
630
647
645
633
630
628
642
686
679
682
685
688
684
693
680
695
680
679
699
694
607
602
626
632
654
702
602
605
686
634
626
643
630
644
662
683
692
681
680
689
607
631
652
672
650
683
651
651
667
655
647
622
606
620
612
649
644
632
615
623
612
614
616
612
613
619
610
613
614
620
696
608
629
643
644
643
656
680
686
696
607
647
635
632
648
618
625
652
608
654
623
616
609
631
637
658
612
611
618
605
605
620
637
646
637
629
629
641
613
611
606
605
605
603
651
634
615
604
604
604
608
608
619
633
609
606
614
608
617
615
605
660
666
642
620
654
641
628
639
636
622
641
652
634
657
662
634
659
637
625
626
652
627
601
607
591
604
597
597
601
612
623
636
632
645
636
629
638
612
582
652
685
693
665
679
654
653
655
654
657
653
681
651
652
657
654
653
659
666
658
654
654
653
653
706
662
654
680
612
614
612
618
613
611
611
852
683
686
685
690
680
682
683
707
686
682
653
659
640
636
614
630
654
673
620
627
646
650
645
638
683
621
645
822
934
978
974
971
952
940
992
991
988
980
983
978
990
1016
883
992
828
605
629
618
625
645
637
652
623
627
624
654
651
663
657
666
654
654
651
653
668
654
701
655
603
613
604
879
677
680
697
683
682
692
677
686
679
682
683
681
681
686
680
684
679
680
686
682
681
680
686
692
679
679
683
692
681
681
682
690
681
1072
1063
1064
1061
586
980
999
594
580
583
959
984
597
581
817
581
661
653
652
658
656
652
653
664
651
652
650
679
653
650
660
655
650
655
659
653
653
659
1051
901
628
600
621
600
628
632
627
628
681
659
667
652
674
650
651
657
653
651
656
664
658
653
653
657
652
652
659
651
652
657
660
652
656
660
652
659
653
665
654
1045
1012
1009
1011
1014
714
629
638
635
595
616
607
636
659
643
630
637
648
632
633
636
621
606
598
615
614
588
589
640
623
619
630
600
593
604
598
607
601
587
595
581
582
585
601
628
603
628
717
583
622
633
679
585
582
586
615
610
607
616
595
609
615
599
620
637
607
615
616
615
601
616
618
623
586
584
599
595
617
606
619
588
622
616
588
600
604
593
600
597
623
621
595
642
605
621
653
660
657
656
655
652
587
590
617
623
607
606
620
617
590
611
597
617
618
607
609
606
609
595
615
604
612
595
601
601
598
612
606
597
608
615
613
605
589
597
585
585
585
595
588
588
612
597
590
635
606
654
662
691
687
684
707
640
621
628
607
603
628
635
639
615
617
606
605
624
606
640
652
612
618
638
637
661
613
629
652
637
639
640
642
683
659
611
614
612
653
668
685
614
605
616
612
664
684
689
685
654
661
625
683
672
648
622
656
642
643
690
681
679
679
682
725
626
609
606
617
602
667
669
650
607
606
610
606
603
608
605
624
605
641
731
617
682
652
626
657
1004
963
1011
980
1008
976
606
643
626
640
622
637
613
620
633
620
626
630
625
626
628
630
628
617
637
622
636
629
659
631
629
646
777
613
643
641
656
647
678
628
614
701
680
683
689
692
680
681
681
687
678
680
686
689
702
682
684
693
678
681
685
700
684
682
690
690
679
1079
1011
1007
971
685
974
948
954
944
608
608
624
620
687
650
650
652
660
665
655
657
651
651
653
665
653
653
661
652
651
656
661
651
653
653
662
653
651
1009
1013
1014
1010
847
590
580
580
836
931
867
594
584
615
595
587
593
598
588
589
596
593
619
628
612
646
636
652
650
653
654
651
652
660
653
653
656
651
668
663
1055
1013
1012
1011
1012
640
619
615
624
627
617
620
627
628
619
631
624
624
629
618
626
621
623
630
635
631
633
640
649
621
620
649
625
640
622
623
625
619
628
623
644
649
638
630
627
641
653
626
653
606
631
650
667
647
631
681
703
723
688
678
681
680
688
679
680
678
692
681
682
680
691
681
694
684
690
680
687
681
696
681
682
686
691
680
685
682
1066
1052
1055
1061
654
898
694
680
724
674
669
657
661
657
662
656
653
668
654
654
660
661
650
655
655
656
654
654
684
657
652
657
651
652
686
687
687
728
684
657
678
693
663
662
650
786
644
613
635
658
654
623
647
638
615
603
626
614
639
621
640
609
635
623
631
628
613
655
656
660
667
656
657
668
654
653
663
653
667
662
668
663
628
671
648
653
672
723
659
656
676
653
659
664
707
644
623
614
638
618
617
697
663
663
659
676
667
660
667
658
661
674
679
658
654
653
660
654
876
691
778
706
609
901
664
609
616
686
679
664
760
659
654
655
653
656
659
692
682
685
620
661
632
645
676
621
615
629
642
647
659
705
664
657
668
643
660
645
639
640
644
653
663
643
651
960
992
967
737
696
681
680
698
680
681
681
692
682
681
681
688
680
678
681
688
701
683
683
695
685
685
680
688
679
685
681
689
681
1057
1065
656
605
634
671
643
659
653
668
655
654
658
663
654
651
666
654
653
659
657
661
653
671
664
653
655
654
656
671
691
650
658
654
666
655
654
675
652
657
610
602
603
605
607
642
742
670
645
652
664
624
619
681
709
614
641
621
611
619
613
660
681
746
671
657
659
661
661
659
680
679
661
658
614
611
615
664
672
661
660
662
625
636
641
649
647
660
659
660
664
665
676
657
662
675
658
664
661
661
655
660
658
717
668
661
657
666
657
660
672
633
635
632
633
635
631
645
632
632
654
639
631
591
585
587
599
587
631
658
658
657
691
684
680
607
606
610
605
606
633
631
627
660
605
607
625
604
606
638
603
605
620
608
613
621
602
603
605
602
645
657
661
632
652
645
640
638
652
640
636
704
655
636
986
984
975
928
981
964
813
971
637
635
627
627
627
644
642
645
640
642
709
630
631
624
624
632
605
613
619
633
621
663
647
636
637
637
622
744
604
616
619
994
690
668
670
662
663
662
673
660
663
662
656
657
660
667
667
659
659
674
658
663
658
658
678
659
668
659
660
660
623
616
615
622
615
619
637
612
713
660
623
668
646
658
637
622
977
988
972
942
986
840
976
995
949
946
936
960
937
924
972
935
933
946
939
951
942
919
937
944
947
731
938
843
605
605
654
653
662
653
653
655
664
651
655
663
651
655
656
651
653
654
659
650
653
657
650
651
656
695
582
604
617
634
620
655
611
952
930
962
861
819
649
612
609
618
675
579
618
617
610
610
608
578
593
576
610
613
617
600
610
631
634
636
627
627
634
627
657
635
633
591
597
611
589
594
701
654
670
658
670
686
682
682
679
679
680
687
681
681
680
688
682
681
681
705
682
684
681
708
687
683
682
692
680
911
621
642
640
635
622
621
631
637
614
620
602
602
624
959
685
690
734
642
633
632
618
625
641
676
656
677
681
680
677
681
680
681
681
680
684
669
649
615
654
636
644
620
607
616
628
611
614
690
617
635
616
614
612
630
712
656
653
657
653
660
657
669
654
651
655
657
607
605
658
629
629
643
654
641
699
619
615
628
629
618
630
643
628
646
654
654
634
626
659
613
639
656
634
629
620
610
715
611
603
989
1034
617
607
669
619
605
616
621
608
607
610
650
617
656
633
650
640
632
653
640
613
607
667
654
653
605
606
624
636
636
636
609
633
641
638
629
622
632
913
960
917
611
641
662
629
644
994
994
957
910
864
897
978
970
978
972
962
935
939
933
940
643
635
625
635
630
586
582
617
612
596
632
634
636
633
643
632
634
648
635
632
633
634
635
633
598
578
582
593
610
620
612
620
612
602
616
634
615
582
581
583
579
589
577
581
585
606
598
623
610
612
612
610
616
612
618
617
617
597
595
624
647
619
583
657
653
661
657
590
618
590
634
646
633
634
635
635
630
633
647
631
634
639
633
635
633
637
640
635
631
633
632
638
618
634
641
626
654
764
598
592
604
580
587
590
587
596
581
578
581
578
583
579
602
605
584
581
589
668
700
664
661
652
658
654
662
674
609
631
630
630
618
608
630
620
613
619
945
932
937
909
944
901
929
917
952
1003
981
990
968
974
986
979
609
636
681
681
680
699
628
644
629
646
612
654
663
635
632
638
630
633
625
614
618
625
627
622
653
666
630
630
638
654
652
656
644
654
624
645
624
615
620
633
638
634
619
644
669
632
653
653
653
686
638
708
688
677
616
642
625
648
636
641
613
605
617
655
643
620
619
605
607
664
635
631
642
626
649
686
678
680
681
686
678
680
685
695
684
682
684
682
701
680
684
683
682
680
682
681
680
680
680
695
1066
1056
1016
1013
966
582
578
588
583
576
934
966
712
579
580
724
582
580
586
580
599
593
578
581
621
626
630
650
682
686
681
682
681
687
643
606
628
622
636
642
675
642
618
655
621
621
616
673
645
624
674
647
627
659
639
655
656
643
609
606
685
679
678
681
679
695
605
617
607
607
616
633
630
630
639
625
657
647
635
686
658
639
647
645
638
627
644
628
807
681
693
631
683
638
631
628
637
654
657
629
631
638
650
645
614
642
641
634
643
626
623
634
633
634
649
648
633
650
656
623
661
622
646
637
641
634
616
620
621
643
683
627
636
627
627
638
609
647
629
642
647
654
656
637
632
626
616
616
643
615
626
629
663
671
660
662
681
667
662
659
659
658
671
658
670
659
614
615
612
608
615
640
624
624
643
633
646
655
629
620
676
672
663
640
643
612
624
682
694
684
684
681
678
648
653
658
651
652
658
654
654
656
660
653
600
603
626
599
598
601
943
676
607
583
668
624
618
656
615
588
633
641
635
629
629
625
627
627
628
635
625
637
627
625
650
627
630
640
653
626
639
628
627
624
627
625
628
647
578
593
634
620
618
625
903
942
946
946
922
899
950
582
580
576
586
592
606
654
653
657
653
630
637
632
614
609
612
608
609
615
639
661
656
650
654
649
651
652
1055
1015
1011
1014
636
677
578
579
592
642
603
604
621
633
596
628
604
599
581
604
600
596
578
577
579
580
619
605
628
625
624
636
628
607
638
617
819
582
580
579
579
581
605
590
579
579
583
577
581
577
654
585
585
980
1005
581
581
580
590
585
665
654
655
655
687
579
580
605
588
589
577
580
579
779
582
615
619
578
588
578
581
593
627
581
627
615
617
635
607
626
618
597
675
674
630
593
594
652
649
674
673
622
619
617
626
619
711
680
679
690
689
681
687
680
711
682
677
707
715
702
681
682
694
680
680
703
698
682
1062
1021
1019
1027
587
712
657
657
674
654
654
652
665
657
657
657
651
660
651
662
653
655
664
652
651
657
660
652
654
651
659
650
653
658
649
653
654
653
653
691
1082
1056
1053
1057
637
662
638
653
707
682
630
648
628
619
678
660
646
619
611
605
662
653
658
660
672
661
658
663
683
658
659
755
663
658
607
610
604
605
636
655
635
646
642
607
622
606
688
621
616
651
758
710
604
605
615
683
680
689
684
683
687
683
704
681
678
690
689
681
692
681
686
680
678
702
694
679
686
679
690
694
679
1058
1054
1017
1028
852
656
652
649
660
653
657
612
644
638
631
650
631
653
650
633
633
633
633
631
634
674
610
589
602
623
598
612
601
607
585
595
646
611
658
650
657
1051
623
593
598
599
589
605
582
655
686
657
653
660
652
651
651
672
653
661
656
655
657
603
590
625
603
605
616
603
619
602
598
638
585
635
582
583
607
596
608
602
622
622
606
615
627
647
607
627
583
738
655
650
652
674
661
655
601
615
606
627
591
590
615
605
595
599
598
613
608
613
593
615
597
601
608
614
618
608
610
615
609
605
602
615
651
651
1053
1014
1014
1012
1015
677
603
622
610
618
633
635
631
638
635
656
682
648
631
627
655
634
634
674
619
649
642
629
630
641
664
648
637
657
629
637
656
641
670
665
628
626
685
632
650
634
680
649
620
612
636
993
1051
604
609
713
621
646
633
625
621
643
640
652
625
663
630
616
662
624
623
624
645
625
635
699
678
625
637
685
658
627
642
661
618
632
643
644
974
943
987
988
947
881
978
960
836
841
938
935
957
942
774
806
968
885
938
937
944
951
947
935
600
616
613
597
604
613
600
608
633
642
625
608
641
670
655
936
939
932
593
623
614
622
606
627
625
627
639
628
636
634
625
628
627
625
643
636
626
632
635
627
627
661
611
608
612
597
589
624
591
609
624
610
599
688
584
587
639
609
768
938
592
645
586
597
611
600
596
642
616
596
605
612
624
599
609
615
604
607
599
599
611
615
618
622
615
595
612
617
618
619
615
590
794
947
942
940
960
777
617
594
642
616
616
624
582
592
633
614
650
640
635
619
625
617
626
595
614
621
638
624
614
622
614
613
635
615
627
635
587
581
609
580
578
689
622
596
673
586
587
657
642
626
637
625
625
645
624
626
649
626
627
635
626
612
619
611
597
600
615
598
612
601
599
606
603
601
622
603
595
615
592
608
609
611
698
585
666
895
989
992
581
580
791
969
999
582
792
595
583
582
581
593
591
884
590
594
603
601
598
630
622
630
629
593
622
600
589
622
601
587
589
628
719
609
649
588
953
902
734
925
955
919
760
638
652
632
635
625
628
715
646
626
626
630
628
626
629
625
629
626
623
646
653
624
628
634
682
627
627
629
577
582
578
581
589
695
629
656
687
627
644
649
627
631
636
624
628
650
628
625
629
630
627
624
631
625
629
626
625
628
637
626
623
676
624
628
632
624
624
631
629
624
582
580
577
594
607
584
719
671
683
681
687
699
680
681
693
729
916
914
979
629
613
608
650
607
642
638
616
622
611
651
642
645
665
641
648
640
643
661
631
624
640
635
626
662
639
617
612
650
651
631
632
617
615
616
611
664
664
688
659
660
661
660
665
653
689
657
664
655
655
661
652
660
652
683
658
638
639
615
653
654
629
636
651
638
635
624
762
677
633
644
665
656
746
659
654
668
663
652
657
654
656
659
651
662
652
651
655
681
645
619
634
613
630
618
611
615
621
874
603
690
1037
611
643
651
653
655
612
692
634
637
656
608
608
757
694
679
685
683
711
679
633
647
645
626
638
653
625
626
689
616
629
629
678
682
680
693
679
678
677
696
682
681
681
1087
1011
1013
1010
799
623
601
624
618
643
658
650
656
649
594
623
588
590
612
591
588
660
602
595
604
673
622
604
587
629
586
651
651
590
589
590
597
597
633
627
626
632
624
586
592
582
582
578
593
655
623
598
586
583
604
599
620
599
626
627
633
665
652
653
654
650
619
610
619
615
582
634
652
656
664
653
668
670
680
681
685
684
680
681
679
1070
1053
1055
1054
722
671
627
628
654
655
656
658
655
654
637
659
644
631
656
635
641
671
653
612
625
607
631
631
620
620
624
631
646
604
693
679
684
679
694
677
683
1085
1060
1054
1058
884
808
652
667
681
650
653
610
609
642
632
655
664
617
623
659
648
651
613
614
637
615
653
617
614
615
615
611
608
666
649
642
628
643
633
640
636
663
639
623
648
611
606
623
667
665
670
633
649
610
609
637
628
624
623
624
641
680
680
685
733
714
685
688
693
676
681
682
669
641
643
632
655
628
644
651
645
634
670
645
655
653
646
634
745
1007
1040
634
605
779
606
602
606
603
605
605
606
605
611
608
712
606
604
602
608
619
602
604
614
604
604
607
609
602
608
602
607
607
656
635
668
648
639
630
668
666
612
617
638
621
622
807
968
970
607
605
639
610
603
605
611
605
607
605
952
630
618
603
605
617
606
606
616
604
606
615
605
606
604
644
631
639
653
626
655
623
625
678
700
680
685
685
695
690
679
681
688
687
685
680
647
643
625
617
639
650
633
623
625
680
694
680
678
681
689
681
680
681
692
681
685
683
1102
1056
590
618
612
622
633
618
620
627
629
639
629
596
596
621
617
614
614
615
598
620
602
612
624
625
602
608
620
606
605
617
609
609
623
596
628
616
598
619
593
601
626
619
588
589
587
589
585
584
589
641
597
600
618
642
662
663
655
672
664
651
653
652
664
652
654
657
653
656
653
733
650
648
655
651
655
652
646
615
605
599
616
581
663
625
624
634
581
584
592
584
601
637
636
633
633
668
663
616
649
641
654
895
629
613
644
666
658
660
657
666
661
661
660
660
658
645
667
641
657
645
614
637
621
639
643
670
640
617
632
620
625
634
632
625
632
635
715
605
604
616
1026
1030
645
607
607
627
641
640
644
645
659
668
642
630
645
635
618
625
628
663
624
633
903
623
626
663
653
655
659
659
653
609
606
632
620
637
640
696
665
672
681
618
633
633
612
643
692
645
652
616
616
627
606
609
605
607
690
681
1012
996
1004
913
1002
935
945
939
946
601
579
576
578
589
580
578
574
585
588
580
663
591
591
997
1013
618
614
613
595
600
612
610
614
647
618
595
601
608
610
604
610
606
606
621
604
613
616
601
595
611
611
604
622
633
627
614
611
590
597
589
589
580
633
654
628
633
639
624
627
627
628
625
582
582
603
625
616
611
617
615
605
586
627
630
619
628
615
615
620
609
596
606
615
617
601
625
614
614
611
615
629
615
713
582
615
623
630
935
863
962
943
960
939
891
940
933
945
583
581
602
623
604
622
622
590
588
618
600
619
599
625
617
604
629
611
612
609
604
597
593
622
613
620
601
667
587
590
589
605
667
629
636
621
607
630
630
625
626
629
629
612
629
638
588
611
659
615
609
617
630
643
629
625
633
644
636
632
651
654
652
649
1041
1012
1016
1011
990
631
621
601
624
618
609
611
619
598
683
676
679
681
698
694
680
698
696
682
678
683
715
689
679
681
691
681
680
686
685
689
682
691
696
681
1093
1013
1012
1019
829
649
609
642
627
625
666
711
743
681
680
687
677
680
682
685
682
677
679
690
684
682
819
675
655
900
883
638
631
642
644
638
707
674
627
722
653
940
1051
619
811
773
747
752
756
798
791
800
1088
827
750
727
653
654
638
661
627
635
604
646
643
636
628
658
637
657
653
638
653
644
638
631
657
640
648
606
605
611
608
751
619
675
685
680
692
699
686
697
992
966
984
988
883
1016
1013
991
608
627
643
640
642
628
638
633
638
623
629
651
640
604
629
630
622
619
635
621
607
602
612
606
987
629
607
637
768
621
693
682
972
985
991
972
1016
831
832
893
812
984
615
694
683
682
689
706
615
617
629
625
638
624
631
614
640
649
648
674
916
701
689
680
683
706
678
640
653
700
678
678
682
696
680
679
682
694
682
677
687
681
679
682
681
700
678
680
686
679
679
682
682
681
1023
1017
1019
1012
995
932
930
585
615
869
956
868
773
603
629
597
626
650
653
655
655
653
649
657
651
652
615
615
686
620
707
770
603
583
580
592
605
606
873
578
646
626
631
596
587
964
983
869
584
594
591
588
606
591
613
596
589
588
615
620
604
598
589
619
617
589
600
589
589
600
588
635
637
634
652
594
591
584
653
659
1047
1017
1026
1011
1014
676
584
578
644
597
963
986
591
590
629
584
599
600
598
612
598
615
597
608
604
605
601
635
798
589
635
607
616
599
614
639
615
603
597
582
581
594
608
592
594
581
588
587
576
592
580
594
710
577
580
630
625
631
583
581
630
578
608
621
647
629
594
600
640
588
591
624
617
604
614
615
622
618
604
633
592
581
622
599
635
623
621
625
601
588
624
632
634
655
630
615
622
618
583
592
627
625
619
618
622
599
620
645
607
612
615
616
622
581
626
612
649
657
662
658
650
652
650
652
657
658
654
659
657
662
655
654
661
651
1052
1012
1014
983
918
653
656
662
653
674
600
582
581
593
662
629
640
625
635
629
630
626
636
651
653
653
608
628
641
596
579
581
613
597
671
671
656
655
651
677
964
1012
1012
1016
1020
687
579
603
629
629
885
988
987
583
590
824
623
620
606
617
771
582
582
603
616
602
599
625
590
592
606
604
970
893
939
932
937
848
819
934
927
823
946
942
942
936
949
943
945
934
837
739
861
948
943
948
949
940
945
972
946
938
943
937
941
937
951
944
944
954
944
938
765
941
953
944
939
947
953
946
951
954
822
914
922
971
655
653
665
652
654
658
654
653
653
668
652
721
696
1039
1059
1055
760
649
635
647
635
690
732
659
670
650
630
651
705
630
710
651
636
644
636
1021
627
632
637
656
639
636
640
635
609
620
618
605
606
614
606
607
637
610
619
916
695
633
619
706
683
643
636
656
611
660
657
652
614
618
668
658
658
666
665
615
612
611
615
630
608
634
624
631
647
631
617
606
603
613
606
604
618
611
603
618
637
644
649
1048
701
662
671
658
659
653
633
625
636
617
621
629
665
668
642
625
692
650
634
629
626
632
670
639
650
622
643
617
614
609
607
622
640
613
621
624
624
624
637
633
652
630
628
621
634
804
844
877
993
627
645
626
636
635
655
702
656
659
689
679
653
654
654
655
653
694
664
654
655
657
653
652
654
708
655
653
659
653
653
655
626
632
631
654
611
978
982
985
970
931
991
979
930
978
656
640
656
624
642
640
631
649
627
634
627
641
668
627
630
646
656
656
661
652
624
656
641
613
645
641
639
639
653
657
611
720
669
649
644
653
640
635
709
681
681
678
692
677
685
681
693
620
610
615
606
618
631
666
620
629
622
657
654
660
655
680
686
700
681
1056
1069
1066
1014
584
583
576
665
650
661
660
667
655
653
655
656
650
656
660
651
652
655
657
651
653
660
651
657
651
652
672
653
661
650
662
651
658
651
653
668
1053
1013
1011
1008
900
836
686
656
653
652
594
635
652
636
642
650
631
666
622
632
619
632
623
647
642
643
656
646
638
654
636
632
648
631
624
696
691
680
684
678
692
1046
1068
1054
659
654
634
614
667
985
1004
871
630
622
659
653
655
657
644
663
639
638
625
616
627
645
638
640
653
636
640
640
650
677
627
613
644
637
656
614
608
641
656
607
929
678
680
689
683
680
679
692
680
684
681
689
682
680
685
691
681
679
680
691
678
680
692
688
681
681
679
688
681
682
682
686
682
679
1096
1055
1057
1059
934
905
606
654
663
651
652
657
666
712
639
639
643
639
614
621
615
635
640
633
639
621
637
647
612
647
636
626
625
605
623
631
619
611
649
634
639
632
622
628
632
617
633
631
630
692
613
1025
1019
609
636
645
1022
624
657
627
626
640
642
626
637
641
633
643
648
653
633
682
960
609
603
608
623
604
625
655
641
640
636
644
1097
1060
1056
1028
1023
965
990
994
599
620
929
977
878
607
582
581
579
675
653
664
698
658
654
660
624
582
578
634
627
604
609
603
610
607
613
611
593
601
585
591
914
578
590
580
633
628
629
602
661
650
651
656
654
651
654
661
651
651
650
665
579
581
579
581
579
581
584
594
611
594
615
604
617
623
622
615
627
627
737
590
627
627
628
627
630
630
582
583
595
577
610
643
933
690
582
614
603
598
637
592
630
606
585
585
704
606
610
622
610
605
619
608
606
615
614
602
614
644
611
667
611
681
609
612
639
626
664
643
621
653
644
615
621
617
647
629
651
633
671
634
694
662
659
668
698
689
708
691
680
679
679
694
678
651
648
647
661
638
639
646
651
680
678
682
682
704
679
679
1092
1055
1056
1059
999
901
685
632
664
624
613
633
625
621
691
644
656
652
647
666
649
643
647
628
639
649
642
616
650
626
633
646
624
643
687
710
681
682
688
694
679
1058
1063
1017
752
581
580
590
585
640
597
611
619
581
581
580
584
580
580
617
610
628
627
628
620
634
631
635
643
626
625
630
627
626
643
599
589
626
648
649
653
651
590
628
630
600
619
603
613
933
916
945
858
796
907
865
801
975
585
599
598
610
584
623
614
625
613
638
626
628
639
629
624
631
610
606
617
619
625
614
624
580
580
580
578
614
632
614
611
627
592
591
614
599
989
917
620
622
610
615
616
639
621
631
607
612
644
616
613
637
629
622
620
613
617
618
617
606
606
612
621
640
625
595
590
662
1010
1014
1016
1015
607
603
575
579
610
661
657
641
640
639
649
624
631
673
628
596
605
601
610
600
602
587
638
609
603
601
608
604
611
592
600
606
595
603
617
623
594
611
605
618
604
623
625
615
640
638
621
597
649
605
620
607
615
608
614
632
609
635
629
609
631
630
622
632
627
591
598
607
588
601
615
612
601
594
628
615
596
599
613
598
638
609
598
608
637
626
592
631
617
650
653
661
652
654
654
653
641
613
665
634
636
647
639
625
626
642
627
655
651
636
637
642
680
691
679
689
678
679
660
655
655
655
671
657
602
641
633
622
634
634
628
623
727
656
702
613
620
612
701
660
653
657
655
928
935
983
989
979
993
993
784
642
627
632
629
632
627
627
640
633
605
618
623
602
597
591
637
621
616
612
618
958
993
644
628
626
579
594
590
599
620
600
612
606
589
598
596
595
608
606
612
600
621
594
594
602
640
615
616
618
616
608
597
599
610
614
584
614
593
611
609
596
600
606
598
601
607
580
580
604
595
632
623
615
597
628
618
614
602
584
622
600
620
602
627
622
616
654
611
613
606
584
612
645
611
609
604
587
596
628
628
613
615
603
637
608
627
620
618
628
626
602
593
611
599
594
592
646
663
634
624
649
645
617
632
623
646
617
620
638
632
622
619
629
619
631
597
587
590
621
613
633
618
625
632
645
620
623
605
623
616
585
588
635
681
648
652
661
650
699
655
655
659
666
653
666
654
656
655
628
612
648
651
638
624
629
627
636
622
617
627
640
661
624
629
638
627
661
649
648
635
628
622
653
621
635
619
637
895
730
679
681
685
682
690
695
695
684
683
683
683
682
694
682
704
681
680
686
682
679
699
688
690
682
680
682
691
682
699
688
685
679
696
1061
1054
1065
1056
896
640
664
642
664
663
667
664
717
697
695
779
714
742
751
753
717
713
722
698
729
732
720
690
672
658
655
654
659
655
661
652
653
658
611
610
647
650
613
903
679
692
691
645
648
652
606
622
639
649
651
622
638
641
638
690
680
628
657
626
651
632
622
620
656
660
633
649
631
637
677
624
627
632
652
650
631
638
642
683
642
610
725
691
700
681
694
690
680
682
692
687
687
683
702
682
682
680
687
699
762
1054
708
673
670
657
661
664
673
679
664
706
654
611
609
604
634
623
668
624
660
898
653
657
676
688
657
655
652
688
678
681
704
689
678
687
681
693
644
621
628
643
604
632
623
624
605
603
605
616
608
636
610
632
628
623
630
641
626
629
628
623
627
651
631
625
635
643
634
629
622
625
652
674
621
623
660
690
679
679
710
679
680
689
681
681
680
684
680
681
693
687
680
679
686
683
681
682
682
687
680
1091
